     306     87    88     102

     307    449   462     460

     308    902   930     919

     309    238   250     254

     310    666   679     676

     311   1395  1408    1401

     312    135   148     158

     313    559   571     568

     314   1125  1154    1143

     315    345   358     357

     316    773   787     783

     317     99   107     119

     318    504   517     515

     319   1013  1041    1031

     320    290   305     307

     321    720   732     729

     322    189   201     205

     323    612   625     620

     324   1269  1319    1301

     325    396   409     408

     326    827   841     836

     327     90    95     110

     328    476   490     487

     329    956   985     976

     330    264   276     281

     331    692   705     702

     332   1420  1432    1433

     333    163   176     182

     334    584   598     593

     335   1180  1220    1203

     336    369   383     380

     337    800   813     811

     338    115   125     136

     339    531   545     541

     340   1068  1096    1087

     341    319   331     330

     342    745   758     755

     343    213   227     230

     344    638   652     648

     345   1357  1377    1372

     346    422   436     434

     347    852   876     869

     348     88    90     105

     349    462   476     473

     350    930   956     947

     351    250   264     267

     352    679   692     688

     353   1408  1420    1418

     354    148   163     171

     355    571   584     582

     356   1154  1180    1171

     357    358   369     367

     358    787   800     796

     359    107   115     128

     360    517   531     529

     361   1041  1068    1059

     362    305   319     320

     363    732   745     742

     364    201   213     217

     365    625   638     634

     366   1319  1357    1345

     367    409   422     420

     368    841   852     847

     369     95    99     114

     370    490   504     500

     371    985  1013    1005

     372    276   290     292

     373    705   720     716

     374    176   189     194

     375    598   612     607

     376   1220  1269    1250

     377    383   396     394

     378    813   827     825

     379    125   135     145

     380    545   559     554

     381   1096  1125    1116

     382    331   345     343

     383    758   773     770

     384    227   238     244

     385    652   666     662

     386   1377  1395    1388

     387    436   449     447

     388    876   902     895

     389    123   102     105

     390   1433  1434    1418

     391    460   462     473

     392    460   473     472

     393   1087  1096    1116

     394   1087  1116    1105

     395    292   290     307

     396    292   307     308

     397    620   625     634

     398    620   634     631

     399   1171  1180    1203

     400   1171  1203    1191

     401    895   902     919

     402    895   919     913

     403    357   358     367

     404    357   367     368

     405    105    90     110

     406    105   110     127

     407    554   559     568

     408    554   568     565

     409    702   705     716

     410    702   716     711

     411    217   213     230

     412    217   230     235

     413   1401  1408    1418

     414   1401  1418    1413

     415    648   652     662

     416    648   662     657

     417   1250  1269    1301

     418   1250  1301    1285

     419    110    95     114

     420    110   114     132

     421    529   531     541

     422    529   541     538

     423   1031  1041    1059

     424   1031  1059    1051

     425    688   692     702

     426    688   702     699

     427    244   238     254

     428    244   254     259

     429    380   383     394

     430    380   394     395

     431    847   852     869

     432    847   869     864

     433    254   250     267

     434    254   267     271

     435    755   758     770

     436    755   770     764

     437    194   189     205

     438    194   205     210

     439    408   409     420

     440    408   420     419

     441    796   800     811

     442    796   811     807

     443    119   107     128

     444    119   128     142

     445    947   956     976

     446    947   976     969

     447    343   345     357

     448    343   357     356

     449    593   598     607

     450    593   607     603

     451   1345  1357    1372

     452   1345  1372    1363

     453    568   571     582

     454    568   582     579

     455    434   436     447

     456    434   447     445

     457    825   827     836

     458    825   836     834

     459    976   985    1005

     460    976  1005     993

     461    320   319     330

     462    320   330     333

     463    729   732     742

     464    729   742     738

     465    171   163     182

     466    171   182     191

     467   1388  1395    1401

     468   1388  1401    1397

     469    136   125     145

     470    136   145     161

     471    500   504     515

     472    500   515     510

     473    919   930     947

     474    919   947     940

     475    330   331     343

     476    330   343     346

     477    716   720     729

     478    716   729     725

     479   1301  1319    1345

     480   1301  1345    1330

     481    367   369     380

     482    367   380     381

     483    783   787     796

     484    783   796     793

     485    473   476     487

     486    473   487     485

     487   1116  1125    1143

     488   1116  1143    1134

     489    182   176     194

     490    182   194     202

     491    634   638     648

     492    634   648     645

     493    158   148     171

     494    158   171     180

     495   1372  1377    1388

     496   1372  1388    1383

     497    394   396     408

     498    394   408     405

     499    487   490     500

     500    487   500     497

     501   1059  1068    1087

     502   1059  1087    1079

     503    307   305     320

     504    307   320     321

     505   1418  1420    1433

     506    662   666     676

     507    662   676     673

     508    811   813     825

     509    811   825     819

     510    114    99     119

     511    114   119     138

     512    676   679     688

     513    676   688     684

     514    230   227     244

     515    230   244     247

     516    607   612     620

     517    607   620     618

     518    836   841     847

     519    836   847     846

     520    128   115     136

     521    128   136     152

     522    515   517     529

     523    515   529     526

     524    267   264     281

     525    267   281     283

     526    770   773     783

     527    770   783     778

     528   1203  1220    1250

     529   1203  1250    1234

     530    420   422     434

     531    420   434     433

     532   1143  1154    1171

     533   1143  1171    1162

     534    869   876     895

     535    869   895     886

     536    145   135     158

     537    145   158     172

     538    281   276     292

     539    281   292     296

     540    742   745     755

     541    742   755     752

     542    205   201     217

     543    205   217     221

     544    582   584     593

     545    582   593     591

     546    447   449     460

     547    447   460     459

     548    541   545     554

     549    541   554     551

     550   1005  1013    1031

     551   1005  1031    1025

     552     88   105     102

     553    147   123     149

     554   1434  1435    1421

     555    472   473     485

     556    472   485     482

     557    472   482     468

     558    482   485     502

     559    445   447     459

     560    445   459     468

     561    468   459     472

     562    472   459     460

     563    152   136     161

     564    152   161     178

     565    178   161     188

     566   1051  1059    1079

     567   1051  1079    1072

     568   1072  1079    1111

     569   1134  1143    1162

     570   1134  1162    1147

     571   1134  1147    1111

     572    565   568     579

     573    565   579     572

     574    565   572     551

     575    510   515     526

     576    510   526     520

     577    510   520     497

     578    172   158     180

     579    172   180     188

     580    172   188     161

     581    172   161     145

     582    419   420     433

     583    419   433     432

     584    419   432     416

     585    321   320     333

     586    321   333     334

     587    321   334     316

     588   1191  1203    1234

     589   1191  1234    1242

     590   1242  1285    1306

     591    738   742     752

     592    738   752     750

     593    750   752     766

     594   1234  1250    1285

     595   1234  1285    1242

     596   1306  1285    1330

     597   1330  1285    1301

     598    864   869     886

     599    864   886     891

     600    891   913     928

     601   1383  1388    1397

     602   1383  1397    1387

     603   1383  1387    1363

     604   1383  1363    1372

     605    657   662     673

     606    657   673     661

     607    657   661     645

     608    657   645     648

     609   1330  1345    1363

     610   1330  1363    1360

     611   1360  1363    1387

     612    591   593     603

     613    591   603     606

     614    606   618     626

     615    356   357     368

     616    356   368     364

     617    356   364     346

     618    684   688     699

     619    684   699     697

     620    697   699     715

     621    684   697     680

     622    308   307     321

     623    308   321     316

     624    308   316     296

     625    993  1005    1025

     626    993  1025    1001

     627    993  1001     969

     628    993   969     976

     629    283   281     296

     630    283   296     299

     631    299   296     316

     632    308   296     292

     633    259   254     271

     634    259   271     270

     635    259   270     247

     636    235   230     247

     637    235   247     255

     638    255   247     270

     639    259   247     244

     640    346   343     356

     641    346   364     348

     642    346   348     333

     643    346   333     330

     644    752   755     764

     645    752   764     766

     646    766   778     785

     647    142   128     152

     648    142   152     166

     649    142   166     159

     650    819   825     834

     651    819   834     822

     652    819   822     807

     653    819   807     811

     654    368   367     381

     655    368   381     382

     656    368   382     364

     657   1397  1401    1413

     658   1397  1413    1404

     659   1397  1404    1387

     660   1162  1171    1191

     661   1162  1191    1184

     662   1184  1191    1242

     663    764   770     778

     664    764   778     766

     665    785   778     793

     666    793   778     783

     667    497   500     510

     668    497   520     502

     669    497   502     485

     670    497   485     487

     671    132   114     138

     672    132   138     159

     673    159   138     142

     674    142   138     119

     675    793   796     807

     676    793   807     804

     677    804   807     822

     678    551   554     565

     679    551   572     556

     680    551   556     538

     681    551   538     541

     682    618   620     631

     683    618   631     626

     684    618   606     603

     685    618   603     607

     686   1105  1116    1134

     687   1105  1134    1111

     688   1105  1111    1079

     689   1105  1079    1087

     690    834   836     846

     691    834   846     840

     692    834   840     822

     693    526   529     538

     694    526   538     536

     695    526   536     520

     696    536   538     556

     697    699   702     711

     698    699   711     715

     699    715   725     731

     700    202   194     210

     701    202   210     226

     702    226   210     221

     703    221   210     205

     704    711   716     725

     705    711   725     715

     706    731   725     738

     707    738   725     729

     708    940   947     969

     709    940   969     964

     710    964   969    1001

     711    673   676     684

     712    673   684     680

     713    673   680     661

     714    913   919     940

     715    913   940     928

     716    913   891     886

     717    913   886     895

     718    191   182     202

     719    191   202     211

     720    211   202     226

     721    433   434     445

     722    433   445     450

     723    450   445     468

     724    271   267     283

     725    271   283     285

     726    271   285     270

     727    405   408     419

     728    405   419     416

     729    405   416     395

     730    381   380     395

     731    381   395     397

     732    397   395     416

     733    405   395     394

     734    631   634     645

     735    631   645     642

     736    642   645     661

     737    631   642     626

     738    180   171     191

     739    180   191     199

     740    180   199     188

     741   1413  1418    1434

     742    221   217     235

     743    221   235     242

     744    221   242     226

     745    127   110     132

     746    127   132     153

     747    153   132     159

     748   1025  1031    1051

     749   1025  1051    1037

     750   1025  1037    1001

     751    579   582     591

     752    579   591     589

     753    589   591     606

     754    579   589     572

     755    846   847     864

     756    846   864     857

     757    857   864     891

     758    105   127     123

     759    432   433     450

     760    738   750     731

     761    382   381     397

     762    793   804     785

     763    334   333     348

     764    940   964     928

     765    285   283     299

     766    846   857     840

     767   1051  1072    1037

     768   1162  1184    1147

     769    199   191     211

     770    242   235     255

     771   1330  1360    1306

     772    166   152     178

     773   1404  1413    1421

     774    127   153     149

     775   1421  1413    1434

     776    127   149     123

     777   1425  1412    1424

     778    694   681     685

     779    246   229     233

     780    967   938     950

     781    471   458     464

     782     17    13       9

     783   1193  1163    1175

     784    583   570     575

     785    109    92      96

     786    803   790     795

     787    360   347     349

     788   1367  1337    1351

     789    639   624     630

     790    181   164     170

     791    858   845     849

     792    415   400     407

     793   1078  1050    1063

     794    528   513     519

     795     49    40      39

     796    748   735     740

     797    300   286     295

     798   1400  1386    1392

     799    667   653     658

     800    214   197     203

     801    910   884     896

     802    443   430     435

     803     11    10       5

     804   1135  1106    1119

     805    557   543     547

     806     78    63      65

     807    776   761     767

     808    332   317     322

     809   1288  1236    1260

     810    610   595     602

     811    144   126     130

     812    832   816     824

     813    386   373     377

     814   1022   994    1008

     815    498   484     492

     816     31    23      20

     817    722   707     713

     818    272   260     261

     819   1412  1400    1410

     820    681   667     672

     821    229   214     219

     822    938   910     920

     823    458   443     448

     824     13    11       7

     825   1163  1135    1146

     826    570   557     562

     827     92    78      80

     828    790   776     781

     829    347   332     336

     830   1337  1288    1308

     831    624   610     616

     832    164   144     150

     833    845   832     837

     834    400   386     392

     835   1050  1022    1033

     836    513   498     507

     837     40    31      29

     838    735   722     728

     839    286   272     278

     840   1386  1367    1376

     841    653   639     644

     842    197   181     186

     843    884   858     870

     844    430   415     421

     845   1106  1078    1091

     846    543   528     533

     847     63    49      51

     848    761   748     753

     849    317   300     309

     850   1236  1193    1209

     851    595   583     587

     852    126   109     112

     853    816   803     809

     854    373   360     362

     855    994   967     978

     856    484   471     478

     857     23    17      15

     858    707   694     700

     859    260   246     248

     860    685   681     672

     861    685   672     678

     862    130   126     112

     863    130   112     118

     864    870   858     849

     865    870   849     854

     866    519   513     507

     867    519   507     511

     868     80    78      65

     869     80    65      71

     870    248   246     233

     871    248   233     240

     872    795   790     781

     873    795   781     788

     874   1410  1400    1392

     875   1410  1392    1399

     876    587   583     575

     877    587   575     581

     878    435   430     421

     879    435   421     427

     880   1033  1022    1008

     881   1033  1008    1020

     882      9    13       7

     883      9     7       4

     884    492   484     478

     885    492   478     481

     886     51    49      39

     887     51    39      42

     888   1392  1386    1376

     889   1392  1376    1384

     890    616   610     602

     891    616   602     608

     892    170   164     150

     893    170   150     157

     894    448   443     435

     895    448   435     441

     896    978   967     950

     897    978   950     965

     898    767   761     753

     899    767   753     760

     900    278   272     261

     901    278   261     269

     902    950   938     920

     903    950   920     934

     904    377   373     362

     905    377   362     370

     906   1091  1078    1063

     907   1091  1063    1076

     908    740   735     728

     909    740   728     734

     910    336   332     322

     911    336   322     324

     912   1351  1337    1308

     913   1351  1308    1332

     914    219   214     203

     915    219   203     207

     916    809   803     795

     917    809   795     802

     918    547   543     533

     919    547   533     540

     920     29    31      20

     921     29    20      21

     922    575   570     562

     923    575   562     567

     924    713   707     700

     925    713   700     704

     926    309   300     295

     927    309   295     298

     928    203   197     186

     929    203   186     193

     930    837   832     824

     931    837   824     829

     932    407   400     392

     933    407   392     399

     934   1146  1135    1119

     935   1146  1119    1132

     936     15    17       9

     937     15     9       8

     938   1260  1236    1209

     939   1260  1209    1231

     940    644   639     630

     941    644   630     636

     942    233   229     219

     943    233   219     222

     944    824   816     809

     945    824   809     815

     946    421   415     407

     947    421   407     412

     948     39    40      29

     949     39    29      30

     950    781   776     767

     951    781   767     774

     952    349   347     336

     953    349   336     342

     954    672   667     658

     955    672   658     664

     956    112   109      96

     957    112    96     100

     958   1119  1106    1091

     959   1119  1091    1103

     960    507   498     492

     961    507   492     495

     962   1175  1163    1146

     963   1175  1146    1160

     964     20    23      15

     965     20    15      14

     966    753   748     740

     967    753   740     746

     968    658   653     644

     969    658   644     650

     970    150   144     130

     971    150   130     137

     972    849   845     837

     973    849   837     843

     974      7    11       5

     975    478   471     464

     976    478   464     470

     977    322   317     309

     978    322   309     310

     979   1376  1367    1351

     980   1376  1351    1365

     981    464   458     448

     982    464   448     456

     983   1008   994     978

     984   1008   978     991

     985    533   528     519

     986    533   519     525

     987    295   286     278

     988    295   278     284

     989   1308  1288    1260

     990   1308  1260    1283

     991    630   624     616

     992    630   616     622

     993    920   910     896

     994    920   896     907

     995    362   360     349

     996    362   349     359

     997     65    63      51

     998     65    51      54

     999    728   722     713

    1000    728   713     718

    1001     96    92      80

    1002     96    80      86

    1003    261   260     248

    1004    261   248     257

    1005   1209  1193    1175

    1006   1209  1175    1188

    1007    896   884     870

    1008    896   870     880

    1009    392   386     377

    1010    392   377     384

    1011   1063  1050    1033

    1012   1063  1033    1048

    1013    562   557     547

    1014    562   547     553

    1015    700   694     685

    1016    700   685     691

    1017    602   595     587

    1018    602   587     594

    1019    186   181     170

    1020    186   170     177

    1021   1412  1410    1424

    1022   1423  1424    1410

    1023      5     3       7

    1024    678   672     664

    1025    678   664     671

    1026    704   700     691

    1027    704   691     689

    1028   1283  1260    1231

    1029   1283  1231    1248

    1030    157   150     137

    1031    157   137     141

    1032    100    96      86

    1033    100    86      94

    1034    581   575     567

    1035    581   567     578

    1036    636   630     622

    1037    636   622     633

    1038   1188  1175    1160

    1039   1188  1160    1186

    1040    734   728     718

    1041    734   718     727

    1042    843   837     829

    1043    843   829     838

    1044     71    65      54

    1045     71    54      53

    1046    399   392     384

    1047    399   384     390

    1048     54    51      42

    1049     54    42      53

    1050    269   261     257

    1051    269   257     256

    1052     14    15       8

    1053     14     8      12

    1054    481   478     470

    1055    481   470     483

    1056     30    29      21

    1057     30    21      22

    1058    553   547     540

    1059    553   540     542

    1060    802   795     788

    1061    802   788     799

    1062    456   448     441

    1063    456   441     446

    1064    854   849     843

    1065    854   843     853

    1066    193   186     177

    1067    193   177     192

    1068    907   896     880

    1069    907   880     888

    1070    965   950     934

    1071    965   934     962

    1072    495   492     481

    1073    495   481     483

    1074   1020  1008     991

    1075   1020   991    1000

    1076    815   809     802

    1077    815   802     799

    1078    384   377     370

    1079    384   370     371

    1080   1332  1308    1283

    1081   1332  1283    1317

    1082    310   309     298

    1083    310   298     311

    1084    788   781     774

    1085    788   774     782

    1086      8     9       4

    1087      8     4       6

    1088     86    80      71

    1089     86    71      75

    1090    370   362     359

    1091    370   359     371

    1092    650   644     636

    1093    650   636     633

    1094   1384  1376    1365

    1095   1384  1365    1361

    1096    342   336     324

    1097    342   324     335

    1098    594   587     581

    1099    594   581     578

    1100     21    20      14

    1101     21    14      12

    1102    525   519     511

    1103    525   511     523

    1104    118   112     100

    1105    118   100     117

    1106    298   295     284

    1107    298   284     297

    1108    622   616     608

    1109    622   608     615

    1110    441   435     427

    1111    441   427     428

    1112   1103  1091    1076

    1113   1103  1076    1073

    1114    427   421     412

    1115    427   412     428

    1116    222   219     207

    1117    222   207     215

    1118    880   870     854

    1119    880   854     853

    1120    324   322     310

    1121    324   310     311

    1122    470   464     456

    1123    470   456     467

    1124    240   233     222

    1125    240   222     234

    1126   1132  1119    1103

    1127   1132  1103    1113

    1128    718   713     704

    1129    718   704     709

    1130    934   920     907

    1131    934   907     923

    1132    746   740     734

    1133    746   734     743

    1134     42    39      30

    1135     42    30      35

    1136    774   767     760

    1137    774   760     763

    1138    691   685     678

    1139    691   678     689

    1140    540   533     525

    1141    540   525     542

    1142    991   978     965

    1143    991   965     962

    1144    511   507     495

    1145    511   495     505

    1146    829   824     815

    1147    829   815     820

    1148    359   349     342

    1149    359   342     352

    1150    760   753     746

    1151    760   746     743

    1152   1160  1146    1132

    1153   1160  1132    1149

    1154      4     7       3

    1155    412   407     399

    1156    412   399     410

    1157   1048  1033    1020

    1158   1048  1020    1036

    1159    207   203     193

    1160    207   193     192

    1161   1365  1351    1332

    1162   1365  1332    1361

    1163   1399  1392    1384

    1164   1399  1384    1389

    1165   1231  1209    1188

    1166   1231  1188    1186

    1167    257   248     240

    1168    257   240     256

    1169   1076  1063    1048

    1170   1076  1048    1073

    1171    137   130     118

    1172    137   118     117

    1173    608   602     594

    1174    608   594     597

    1175    664   658     650

    1176    664   650     654

    1177    177   170     157

    1178    177   157     168

    1179    567   562     553

    1180    567   553     560

    1181    284   278     269

    1182    284   269     273

    1183   1410  1399    1423

    1184      1     2       3

    1185    273   297     284

    1186    578   597     594

    1187    888   923     907

    1188     94   117     100

    1189    428   446     441

    1190    727   743     734

    1191   1186  1248    1231

    1192     22    35      30

    1193    352   371     359

    1194    654   671     664

    1195   1036  1073    1048

    1196    192   215     207

    1197    505   523     511

    1198    799   820     815

    1199   1389  1409    1399

    1200      6    12       8

    1201    311   335     324

    1202    615   633     622

    1203    962  1000     991

    1204    141   168     157

    1205    467   483     470

    1206    763   782     774

    1207   1317  1361    1332

    1208     53    75      71

    1209    390   410     399

    1210    689   709     704

    1211   1113  1149    1132

    1212    234   256     240

    1213    542   560     553

    1214    838   853     843

    1215      2     6       4

    1216    297   311     298

    1217    597   615     608

    1218    923   962     934

    1219    117   141     137

    1220    446   467     456

    1221    743   763     760

    1222   1248  1317    1283

    1223     35    53      42

    1224    371   390     384

    1225    671   689     678

    1226   1073  1113    1103

    1227    215   234     222

    1228    523   542     525

    1229    820   838     829

    1230   1409  1422    1423

    1231     12    22      21

    1232    335   352     342

    1233    633   654     650

    1234   1000  1036    1020

    1235    168   192     177

    1236    483   505     495

    1237    782   799     788

    1238   1361  1389    1384

    1239     75    94      86

    1240    410   428     412

    1241    709   727     718

    1242   1149  1186    1160

    1243    256   273     269

    1244    560   578     567

    1245    853   888     880

    1246   1399  1409    1423

    1247      2     4       3

    1248    865   866     860

    1249    866   868     859

    1250    868   875     872

    1251   1164  1172    1169

    1252    917   909     914

    1253   1014  1024    1018

    1254   1067  1058    1061

    1255    939   948     945

    1256   1088  1097    1093

    1257   1142  1133    1137

    1258    992   984     988

    1259    903   912     908

    1260   1178  1170    1177

    1261    883   874     877

    1262   1052  1060    1057

    1263   1030  1021    1026

    1264    977   986     982

    1265   1126  1136    1130

    1266   1104  1095    1098

    1267    955   946     949

    1268    885   894     890

    1269   1182  1194    1199

    1270    900   893     897

    1271   1032  1042    1039

    1272   1049  1040    1043

    1273    957   968     963

    1274   1107  1117    1112

    1275   1124  1115    1118

    1276    975   966     970

    1277    918   931     925

    1278   1069  1080    1075

    1279   1161  1153    1156

    1280   1012  1004    1007

    1281    996  1006    1003

    1282   1144  1155    1151

    1283   1086  1077    1082

    1284    937   929     932

    1285    875   885     881

    1286   1172  1182    1179

    1287    909   900     904

    1288   1024  1032    1029

    1289   1058  1049    1053

    1290    948   957     954

    1291   1097  1107    1101

    1292   1133  1124    1127

    1293    984   975     979

    1294    912   918     916

    1295   1170  1161    1165

    1296    874   865     871

    1297   1060  1069    1066

    1298   1021  1012    1015

    1299    986   996     990

    1300   1136  1144    1140

    1301   1095  1086    1089

    1302    946   937     942

    1303    894   903     899

    1304   1190  1178    1195

    1305    893   883     887

    1306   1042  1052    1047

    1307   1040  1030    1034

    1308    968   977     974

    1309   1117  1126    1123

    1310   1115  1104    1108

    1311    966   955     959

    1312    931   939     935

    1313   1080  1088    1085

    1314   1153  1142    1145

    1315   1004   992     997

    1316   1006  1014    1011

    1317   1155  1164    1159

    1318   1077  1067    1070

    1319    929   917     922

    1320   1297  1310    1311

    1321   1341  1336    1350

    1322   1228  1217    1215

    1323   1226  1245    1230

    1324   1340  1343    1353

    1325   1298  1280    1295

    1326   1206  1216    1201

    1327   1323  1333    1339

    1328   1325  1312    1328

    1329   1207  1200    1192

    1330   1262  1279    1271

    1331   1346  1344    1356

    1332   1265  1247    1254

    1333   1199  1206    1189

    1334   1310  1323    1326

    1335   1336  1325    1342

    1336   1217  1207    1202

    1337   1245  1262    1252

    1338   1343  1346    1355

    1339   1280  1265    1274

    1340   1216  1226    1214

    1341   1333  1340    1348

    1342   1312  1298    1314

    1343   1200  1195    1183

    1344   1279  1297    1293

    1345   1344  1341    1354

    1346   1247  1228    1233

    1347    860   866     859

    1348    860   859     850

    1349    865   860     856

    1350    859   868     861

    1351    872   875     881

    1352    872   881     882

    1353   1082  1077    1070

    1354   1082  1070    1074

    1355   1011  1014    1018

    1356   1011  1018    1017

    1357   1098  1095    1089

    1358   1098  1089    1094

    1359    990   996    1003

    1360    990  1003     998

    1361    988   984     979

    1362    988   979     983

    1363   1118  1115    1108

    1364   1118  1108    1114

    1365   1101  1107    1112

    1366   1101  1112    1109

    1367    974   977     982

    1368    974   982     980

    1369   1061  1058    1053

    1370   1061  1053    1056

    1371   1039  1042    1047

    1372   1039  1047    1045

    1373    904   900     897

    1374    904   897     901

    1375    899   903     908

    1376    899   908     905

    1377   1057  1060    1066

    1378   1057  1066    1062

    1379   1156  1153    1145

    1380   1156  1145    1150

    1381   1165  1161    1156

    1382   1165  1156    1168

    1383    935   939     945

    1384    935   945     941

    1385    914   909     904

    1386    914   904     901

    1387    881   885     890

    1388    881   890     882

    1389   1070  1067    1061

    1390   1070  1061    1056

    1391    890   894     899

    1392    890   899     905

    1393   1089  1086    1082

    1394   1089  1082    1074

    1395   1177  1170    1165

    1396   1177  1165    1168

    1397    925   931     935

    1398    925   935     921

    1399    979   975     970

    1400    979   970     983

    1401   1108  1104    1098

    1402   1108  1098    1094

    1403   1093  1097    1101

    1404   1093  1101    1090

    1405    963   968     974

    1406    963   974     958

    1407   1053  1049    1043

    1408   1053  1038    1056

    1409   1047  1052    1057

    1410   1047  1057    1045

    1411    982   986     990

    1412    982   990     980

    1413   1003  1006    1011

    1414   1003  1011    1017

    1415   1066  1069    1075

    1416   1066  1075    1062

    1417   1145  1142    1137

    1418   1145  1137    1150

    1419   1169  1172    1179

    1420   1169  1179    1173

    1421    932   929     922

    1422    932   922     926

    1423   1159  1164    1169

    1424   1159  1169    1173

    1425    949   946     942

    1426    949   942     944

    1427   1140  1144    1151

    1428   1140  1151    1152

    1429    908   912     916

    1430    908   921     905

    1431    970   966     959

    1432    970   959     960

    1433   1127  1124    1118

    1434   1127  1118    1114

    1435   1123  1126    1130

    1436   1123  1130    1128

    1437    945   948     954

    1438    945   958     941

    1439   1043  1040    1034

    1440   1043  1034    1038

    1441   1029  1032    1039

    1442   1029  1039    1045

    1443    887   883     877

    1444    887   877     879

    1445   1026  1021    1015

    1446   1026  1015    1019

    1447   1007  1004     997

    1448   1007   997    1002

    1449    871   865     856

    1450   1085  1088    1093

    1451   1085  1093    1090

    1452   1018  1024    1029

    1453   1018  1029    1017

    1454   1179  1182    1199

    1455    922   917     914

    1456    922   914     926

    1457    897   893     887

    1458    897   887     879

    1459    942   937     932

    1460    942   932     944

    1461    877   874     871

    1462    877   871     879

    1463   1075  1080    1085

    1464   1075  1085    1090

    1465    916   918     925

    1466    916   925     921

    1467    959   955     949

    1468    959   949     960

    1469   1137  1133    1127

    1470   1137  1127    1131

    1471   1112  1117    1123

    1472   1112  1123    1109

    1473    954   957     963

    1474    954   963     958

    1475   1034  1030    1026

    1476   1034  1026    1038

    1477   1130  1136    1140

    1478   1130  1140    1128

    1479   1151  1155    1159

    1480   1151  1159    1152

    1481   1015  1012    1007

    1482   1015  1007    1019

    1483    997   992     988

    1484    997   988     983

    1485    868   872     861

    1486   1178  1177    1195

    1487   1311  1310    1326

    1488   1328  1312    1314

    1489   1202  1207    1192

    1490   1293  1297    1311

    1491   1353  1343    1355

    1492   1254  1247    1233

    1493   1214  1226    1230

    1494   1215  1217    1202

    1495   1271  1279    1293

    1496   1355  1346    1356

    1497   1233  1228    1215

    1498   1201  1216    1214

    1499   1326  1323    1339

    1500   1314  1298    1295

    1501   1350  1336    1342

    1502   1192  1200    1183

    1503   1252  1262    1271

    1504   1354  1341    1350

    1505   1295  1280    1274

    1506   1189  1206    1201

    1507   1348  1340    1353

    1508   1230  1245    1252

    1509   1356  1344    1354

    1510   1274  1265    1254

    1511   1339  1333    1348

    1512   1342  1325    1328

    1513   1183  1195    1177

    1514   1199  1189    1179

    1515   1311  1326    1338

    1516   1271  1293    1287

    1517   1252  1271    1264

    1518   1339  1348    1358

    1519   1353  1355    1368

    1520   1326  1339    1347

    1521   1348  1353    1364

    1522   1202  1192    1181

    1523   1233  1215    1219

    1524   1295  1274    1290

    1525   1214  1230    1211

    1526   1350  1342    1359

    1527   1356  1354    1369

    1528   1328  1314    1334

    1529   1355  1356    1371

    1530   1354  1350    1366

    1531   1342  1328    1349

    1532   1254  1233    1241

    1533   1314  1295    1320

    1534   1230  1252    1239

    1535   1293  1311    1309

    1536   1201  1214    1196

    1537   1189  1201    1173

    1538   1215  1202    1197

    1539   1192  1183    1168

    1540   1274  1254    1263

    1541    856   860     850

    1542    859   861     850

    1543   1183  1177    1168

    1544   1179  1189    1173

    1545    871   856     862

    1546    861   872     867

    1547    998  1003    1017

    1548   1090  1101    1109

    1549    970   960     983

    1550   1114  1108    1094

    1551    932   926     944

    1552   1131  1127    1114

    1553   1074  1070    1056

    1554   1043  1038    1053

    1555   1137  1131    1150

    1556   1094  1089    1074

    1557    901   897     879

    1558   1002   997     983

    1559    958   974     980

    1560    872   882     867

    1561    867   882     873

    1562    949   944     960

    1563    990   998     980

    1564   1123  1128    1109

    1565   1128  1140    1152

    1566   1026  1019    1038

    1567    916   921     908

    1568   1057  1062    1045

    1569   1168  1156    1150

    1570    921   935     941

    1571   1007  1002    1019

    1572    954   958     945

    1573   1338  1326    1347

    1574   1338  1362    1357

    1575   1219  1215    1197

    1576   1219  1197    1193

    1577   1349  1328    1334

    1578   1349  1334    1352

    1579   1368  1355    1371

    1580   1368  1371    1380

    1581   1369  1354    1366

    1582   1369  1366    1379

    1583   1309  1311    1338

    1584   1309  1338    1319

    1585   1264  1271    1287

    1586   1264  1287    1269

    1587   1211  1230    1239

    1588   1211  1239    1220

    1589   1320  1295    1290

    1590   1320  1290    1288

    1591   1364  1353    1368

    1592   1364  1368    1378

    1593   1371  1356    1369

    1594   1371  1369    1382

    1595   1197  1202    1181

    1596   1197  1181    1174

    1597   1287  1293    1309

    1598   1287  1309    1319

    1599   1290  1274    1263

    1600   1290  1263    1288

    1601   1241  1233    1219

    1602   1241  1219    1236

    1603   1347  1339    1358

    1604   1347  1358    1362

    1605   1334  1314    1320

    1606   1334  1320    1352

    1607   1196  1214    1211

    1608   1196  1211    1187

    1609   1358  1348    1364

    1610   1358  1364    1374

    1611   1359  1342    1349

    1612   1359  1349    1370

    1613   1239  1252    1264

    1614   1239  1264    1269

    1615   1181  1192    1168

    1616   1366  1350    1359

    1617   1366  1359    1375

    1618   1263  1254    1241

    1619   1263  1241    1236

    1620   1201  1196    1173

    1621    862   856     848

    1622    871   862     879

    1623    861   867     851

    1624    848   856     850

    1625    862   848     855

    1626    851   867     873

    1627    861   851     850

    1628    998  1017    1023

    1629   1150  1131    1139

    1630   1128  1152    1141

    1631    944   926     927

    1632    958   980     973

    1633   1168  1150    1158

    1634    983   960     971

    1635    901   879     892

    1636    905   921     911

    1637   1074  1056    1064

    1638    980   998     995

    1639   1019  1002    1010

    1640   1090  1109    1102

    1641   1094  1074    1084

    1642   1038  1019    1028

    1643   1131  1114    1121

    1644    960   944     952

    1645    921   941     936

    1646   1114  1094    1099

    1647   1002   983     987

    1648   1045  1062    1055

    1649   1056  1038    1044

    1650   1109  1128    1122

    1651    941   958     953

    1652   1152  1159    1173

    1653    890   905     882

    1654   1017  1029    1045

    1655    914   901     926

    1656   1075  1090    1062

    1657    873   905     911

    1658   1352  1320    1337

    1659   1382  1369    1379

    1660   1382  1379    1394

    1661   1374  1364    1378

    1662   1374  1378    1390

    1663   1379  1366    1375

    1664   1379  1375    1391

    1665   1362  1358    1374

    1666   1362  1374    1381

    1667   1375  1359    1370

    1668   1375  1370    1385

    1669   1380  1371    1382

    1670   1380  1382    1396

    1671   1174  1181    1158

    1672   1370  1349    1352

    1673   1370  1352    1373

    1674   1378  1368    1380

    1675   1378  1380    1393

    1676   1187  1211    1220

    1677   1347  1362    1338

    1678   1197  1174    1193

    1679   1196  1187    1167

    1680    855   848     842

    1681    862   855     879

    1682   1023  1045    1055

    1683    911   921     936

    1684    911   936     930

    1685    952   944     927

    1686    952   927     938

    1687    973   980     995

    1688    973   995     985

    1689   1102  1109    1122

    1690   1102  1122    1125

    1691   1055  1062    1081

    1692   1141  1152    1167

    1693    995   998    1023

    1694    995  1023    1013

    1695   1099  1094    1084

    1696   1099  1084    1078

    1697    971   960     952

    1698    971   952     967

    1699   1028  1019    1010

    1700   1028  1010    1022

    1701   1122  1128    1141

    1702   1122  1141    1125

    1703   1139  1131    1121

    1704   1139  1121    1135

    1705   1064  1056    1044

    1706   1064  1044    1050

    1707    936   941     953

    1708    936   953     956

    1709   1158  1150    1139

    1710   1158  1139    1135

    1711   1084  1074    1064

    1712   1084  1064    1078

    1713   1044  1038    1028

    1714   1044  1028    1022

    1715    927   926     892

    1716   1010  1002     987

    1717   1010   987     994

    1718    987   983     971

    1719    987   971     967

    1720    892   879     855

    1721   1121  1114    1099

    1722   1121  1099    1106

    1723    953   958     973

    1724    953   973     956

    1725    905   873     882

    1726   1090  1081    1062

    1727   1045  1023    1017

    1728   1168  1158    1181

    1729    901   892     926

    1730   1173  1196    1167

    1731   1173  1167    1152

    1732   1394  1379    1391

    1733   1394  1391    1403

    1734   1385  1370    1373

    1735   1385  1373    1386

    1736   1386  1373    1367

    1737   1367  1373    1352

    1738   1378  1393    1390

    1739   1390  1393    1402

    1740   1391  1375    1385

    1741   1391  1385    1398

    1742   1174  1158    1163

    1743   1381  1374    1390

    1744   1381  1390    1395

    1745   1381  1395    1377

    1746   1381  1377    1362

    1747   1396  1382    1394

    1748   1396  1394    1406

    1749   1380  1396    1393

    1750   1393  1396    1405

    1751   1167  1180    1154

    1752    842   848     839

    1753    855   842     845

    1754     87    73      88

    1755     32    24      28

    1756   1426  1427    1414

    1757   1430  1431    1419

    1758     60    44      52

    1759     16    10      11

    1760   1428  1429    1416

    1761     73    60      66

    1762     24    16      19

    1763   1427  1428    1415

    1764   1431  1432    1420

    1765     44    32      41

    1766   1425  1426    1412

    1767   1429  1430    1417

    1768   1403  1391    1398

    1769   1398  1385    1386

    1770   1405  1396    1406

    1771   1402  1393    1405

    1772   1406  1394    1403

    1773   1390  1402    1395

    1774   1269  1287    1319

    1775   1263  1236    1288

    1776   1141  1167    1154

    1777    839   848     850

    1778    842   839     828

    1779     28    24      19

    1780     28    19      26

    1781   1416  1429    1417

    1782   1416  1417    1406

    1783   1416  1406    1415

    1784   1416  1415    1428

    1785     41    32      28

    1786     41    28      36

    1787     26    19      18

    1788     36    28      26

    1789     36    26      33

    1790     33    26      25

    1791     36    33      45

    1792   1419  1431    1420

    1793     19    16      11

    1794   1414  1427    1415

    1795   1414  1415    1403

    1796     66    60      52

    1797     66    52      62

    1798     62    52      48

    1799     66    62      77

    1800   1417  1430    1419

    1801   1417  1419    1405

    1802     52    44      41

    1803     52    41      48

    1804     48    41      36

    1805     48    36      45

    1806     48    45      59

    1807     59    45      57

    1808     48    59      62

    1809     62    59      74

    1810     74    59      69

    1811     62    74      77

    1812     77    74      95

    1813   1426  1414    1412

    1814     73    66      88

    1815     69    59      57

    1816     69    57      68

    1817     68    57      56

    1818     69    68      83

    1819     74    69      85

    1820   1403  1398    1414

    1821   1403  1415    1406

    1822     83    68      84

    1823   1402  1405    1419

    1824     56    57      43

    1825   1405  1406    1417

    1826     69    83      85

    1827     85    83      99

    1828     68    56      70

    1829    828   839     826

    1830     25    26      18

    1831     25    18      17

    1832     57    45      43

    1833     43    45      33

    1834     43    33      34

    1835     34    33      25

    1836     43    34      47

    1837     18    19      11

    1838    842   828     830

    1839     66    77      88

    1840   1187  1220    1180

    1841   1187  1180    1167

    1842     68    70      84

    1843     47    34      37

    1844     70    56      58

    1845   1193  1174    1163

    1846   1163  1158    1135

    1847     83    97     107

    1848     43    47      56

    1849     56    47      58

    1850     58    47      46

    1851     46    47      37

    1852     46    37      38

    1853     58    46      61

    1854     38    37      23

    1855     46    38      50

    1856     61    46      50

    1857     61    50      64

    1858     64    50      55

    1859     61    64      76

    1860     50    38      40

    1861     55    50      40

    1862     64    55      72

    1863     76    64      81

    1864     61    76      67

    1865     58    61      67

    1866     58    67      70

    1867     70    67      82

    1868     82    67      76

    1869     70    82      84

    1870     72    55      63

    1871     81    64      72

    1872     76    81      89

    1873     74    85      95

    1874     95    85      99

    1875    826   839     835

    1876    830   828     817

    1877     37    34      27

    1878    835   839     850

    1879    830   817     816

    1880     27    34      25

    1881     76    89      82

    1882    817   828     814

    1883    814   828     826

    1884    817   814     805

    1885    805   814     801

    1886    817   805     803

    1887    801   814     812

    1888    805   801     791

    1889    812   814     826

    1890    801   812     798

    1891    791   801     789

    1892    805   791     790

    1893    801   798     789

    1894    791   789     777

    1895    789   798     786

    1896    777   789     775

    1897    786   798     797

    1898    789   786     775

    1899    797   798     810

    1900    775   786     772

    1901    810   798     812

    1902    797   810     808

    1903    772   786     784

    1904    810   812     823

    1905    808   810     821

    1906    784   786     797

    1907    772   784     771

    1908    823   812     826

    1909    821   810     823

    1910    784   797     794

    1911    771   784     780

    1912    821   823     833

    1913    794   797     808

    1914    780   784     794

    1915    771   780     769

    1916    833   823     835

    1917    794   808     806

    1918    780   794     792

    1919    769   780     787

    1920    806   808     818

    1921    794   806     792

    1922    818   808     821

    1923    806   818     813

    1924    806   813     800

    1925    806   800     792

    1926    792   800     787

    1927    792   787     780

    1928    818   821     831

    1929    831   821     833

    1930    818   831     827

    1931    831   833     844

    1932    844   833     851

    1933    831   844     841

    1934    791   777     779

    1935    779   777     768

    1936    791   779     790

    1937    790   779     776

    1938    776   779     768

    1939    768   777     765

    1940    765   777     775

    1941    768   765     754

    1942    765   775     762

    1943    754   765     751

    1944    768   754     761

    1945    762   775     772

    1946    751   765     762

    1947    762   772     759

    1948    751   762     749

    1949    759   772     771

    1950    762   759     749

    1951    759   771     757

    1952    749   759     747

    1953    757   771     769

    1954    759   757     747

    1955    757   769     756

    1956    747   757     744

    1957    756   769     773

    1958    757   756     744

    1959    744   756     745

    1960    751   749     739

    1961    739   749     737

    1962    751   739     741

    1963    737   749     747

    1964    739   737     726

    1965    741   739     730

    1966    737   747     736

    1967    726   737     724

    1968    730   739     726

    1969    736   747     744

    1970    737   736     724

    1971    736   744     733

    1972    724   736     723

    1973    733   744     745

    1974    736   733     723

    1975    723   733     721

    1976    721   733     732

    1977    723   721     710

    1978    710   721     708

    1979    723   710     712

    1980    708   721     720

    1981    710   708     696

    1982    712   710     698

    1983    723   712     724

    1984    696   708     695

    1985    710   696     698

    1986    724   712     714

    1987    695   708     705

    1988    698   696     686

    1989    714   712     701

    1990    724   714     726

    1991    686   696     683

    1992    698   686     687

    1993    701   712     698

    1994    683   696     695

    1995    698   687     701

    1996    683   692     679

    1997    701   687     690

    1998    690   687     677

    1999    677   687     675

    2000    690   677     682

    2001    675   687     686

    2002    682   677     668

    2003    690   682     693

    2004    668   677     665

    2005    682   668     669

    2006    693   682     681

    2007    665   677     675

    2008    669   668     656

    2009    665   675     663

    2010    656   668     655

    2011    669   656     667

    2012    669   667     681

    2013    663   675     674

    2014    655   668     665

    2015    674   675     686

    2016    663   674     660

    2017    674   686     683

    2018    660   674     670

    2019    663   660     649

    2020    674   683     670

    2021    649   660     647

    2022    670   683     679

    2023    647   660     659

    2024    649   647     637

    2025    659   660     670

    2026    647   659     646

    2027    637   647     635

    2028    659   670     666

    2029    646   659     652

    2030    646   652     638

    2031    635   647     646

    2032    635   646     638

    2033    726   714     717

    2034    717   714     703

    2035    726   717     730

    2036    703   714     701

    2037    717   703     706

    2038    730   717     719

    2039    703   701     690

    2040    706   703     693

    2041    719   717     706

    2042    693   703     690

    2043    706   693     694

    2044    656   655     643

    2045    643   655     641

    2046    656   643     653

    2047    641   655     651

    2048    643   641     629

    2049    651   655     665

    2050    641   651     640

    2051    629   641     628

    2052    651   665     663

    2053    640   651     649

    2054    628   641     640

    2055    651   663     649

    2056    628   640     627

    2057    627   640     637

    2058    628   627     614

    2059    637   640     649

    2060    614   627     613

    2061    628   614     617

    2062    613   627     623

    2063    617   614     604

    2064    628   617     629

    2065    623   627     637

    2066    604   614     601

    2067    629   617     619

    2068    601   614     613

    2069    604   601     590

    2070    619   617     605

    2071    601   613     600

    2072    590   601     588

    2073    605   617     604

    2074    600   613     611

    2075    588   601     600

    2076    611   613     623

    2077    600   611     599

    2078    611   623     621

    2079    599   611     609

    2080    600   599     586

    2081    621   623     635

    2082    609   611     621

    2083    586   599     585

    2084    600   586     588

    2085    635   623     637

    2086    585   599     596

    2087    586   585     574

    2088    588   586     576

    2089    596   599     609

    2090    574   585     573

    2091    576   586     574

    2092    588   576     577

    2093    573   585     584

    2094    574   573     563

    2095    577   576     566

    2096    588   577     590

    2097    563   573     561

    2098    574   563     564

    2099    566   576     564

    2100    590   577     580

    2101    563   561     549

    2102    564   563     550

    2103    564   576     574

    2104    580   577     569

    2105    549   561     548

    2106    550   563     549

    2107    569   577     566

    2108    548   561     559

    2109    549   548     535

    2110    550   549     537

    2111    535   548     534

    2112    549   535     537

    2113    550   537     539

    2114    534   548     545

    2115    534   545     531

    2116    534   531     522

    2117    522   531     517

    2118    534   522     535

    2119    537   535     524

    2120    539   537     527

    2121    550   539     552

    2122    524   535     522

    2123    537   524     527

    2124    552   539     544

    2125    527   524     514

    2126    544   539     530

    2127    552   544     555

    2128    514   524     512

    2129    530   539     527

    2130    552   555     566

    2131    512   524     522

    2132    530   527     516

    2133    566   555     569

    2134    516   527     514

    2135    530   516     518

    2136    569   555     558

    2137    518   516     506

    2138    530   518     532

    2139    558   555     546

    2140    506   516     503

    2141    532   518     521

    2142    546   555     544

    2143    503   516     514

    2144    521   518     508

    2145    503   514     501

    2146    508   518     506

    2147    501   514     512

    2148    503   501     491

    2149    508   506     494

    2150    501   512     499

    2151    491   501     489

    2152    494   506     493

    2153    499   512     509

    2154    489   501     499

    2155    493   506     503

    2156    509   512     522

    2157    509   522     517

    2158    493   503     491

    2159    493   491     479

    2160    479   491     477

    2161    477   491     489

    2162    479   477     466

    2163    477   489     475

    2164    466   477     465

    2165    479   466     469

    2166    475   489     488

    2167    465   477     475

    2168    469   466     455

    2169    488   489     499

    2170    455   466     454

    2171    469   455     457

    2172    454   466     465

    2173    455   454     442

    2174    457   455     444

    2175    454   465     453

    2176    442   454     440

    2177    444   455     442

    2178    453   465     463

    2179    440   454     453

    2180    442   440     429

    2181    463   465     475

    2182    453   463     452

    2183    429   440     426

    2184    442   429     431

    2185    452   463     461

    2186    453   452     439

    2187    426   440     439

    2188    431   429     418

    2189    461   463     474

    2190    439   452     438

    2191    439   440     453

    2192    418   429     417

    2193    474   463     475

    2194    438   452     451

    2195    417   429     426

    2196    451   452     461

    2197    438   451     437

    2198    451   461     462

    2199    437   451     449

    2200    546   544     532

    2201    532   544     530

    2202    546   532     528

    2203    521   508     513

    2204    521   513     528

    2205    521   528     532

    2206    444   442     431

    2207    444   431     430

    2208    439   438     425

    2209    425   438     424

    2210    439   425     426

    2211    424   438     437

    2212    425   424     413

    2213    426   425     414

    2214    424   437     423

    2215    425   413     414

    2216    426   414     417

    2217    423   437     436

    2218    423   436     422

    2219    423   422     411

    2220    411   422     409

    2221    423   411     424

    2222    411   409     398

    2223    436   437     449

    2224    398   409     396

    2225    411   398     402

    2226    402   398     387

    2227    411   402     424

    2228    414   413     401

    2229    387   398     385

    2230    401   413     402

    2231    414   401     403

    2232    385   398     396

    2233    403   401     389

    2234    414   403     417

    2235    389   401     388

    2236    403   389     391

    2237    417   403     404

    2238    389   388     376

    2239    391   389     378

    2240    404   403     391

    2241    376   388     375

    2242    378   389     376

    2243    404   391     393

    2244    375   388     387

    2245    378   376     365

    2246    393   391     379

    2247    365   376     363

    2248    378   365     366

    2249    379   391     378

    2250    393   379     386

    2251    393   386     400

    2252    363   376     375

    2253    366   365     355

    2254    363   375     361

    2255    355   365     354

    2256    366   355     360

    2257    361   375     374

    2258    354   365     363

    2259    355   354     341

    2260    374   375     387

    2261    374   387     385

    2262    374   385     372

    2263    372   385     383

    2264    374   372     361

    2265    341   354     339

    2266    355   341     344

    2267    339   354     351

    2268    341   339     327

    2269    344   341     329

    2270    351   354     363

    2271    339   351     337

    2272    327   339     325

    2273    329   341     327

    2274    337   351     350

    2275    339   337     325

    2276    329   327     318

    2277    350   351     361

    2278    325   337     323

    2279    318   327     314

    2280    329   318     317

    2281    361   351     363

    2282    323   337     338

    2283    314   327     325

    2284    338   337     350

    2285    323   338     326

    2286    314   325     312

    2287    326   338     340

    2288    323   326     313

    2289    312   325     323

    2290    340   338     353

    2291    326   340     328

    2292    313   326     315

    2293    312   323     313

    2294    353   338     350

    2295    328   340     345

    2296    315   326     328

    2297    312   313     301

    2298    315   328     319

    2299    301   313     303

    2300    312   301     302

    2301    303   313     315

    2302    301   303     288

    2303    302   301     287

    2304    312   302     314

    2305    303   315     306

    2306    288   303     291

    2307    287   301     288

    2308    314   302     304

    2309    303   306     291

    2310    287   288     274

    2311    304   302     289

    2312    291   306     294

    2313    274   288     277

    2314    287   274     275

    2315    294   306     305

    2316    274   277     263

    2317    275   274     262

    2318    263   277     266

    2319    274   263     262

    2320    266   277     280

    2321    262   263     249

    2322    280   277     291

    2323    266   280     268

    2324    249   263     252

    2325    291   277     288

    2326    268   280     282

    2327    252   263     266

    2328    282   280     294

    2329    252   266     253

    2330    294   280     291

    2331    253   266     268

    2332    252   253     241

    2333    253   268     258

    2334    241   253     243

    2335    258   268     276

    2336    253   258     243

    2337    243   258     245

    2338    245   258     264

    2339    243   245     231

    2340    231   245     232

    2341    243   231     228

    2342    232   245     250

    2343    231   232     218

    2344    228   231     216

    2345    218   232     220

    2346    231   218     216

    2347    220   232     238

    2348    238   232     250

    2349    216   218     204

    2350    204   218     206

    2351    216   204     200

    2352    206   218     220

    2353    204   206     190

    2354    200   204     187

    2355    206   220     213

    2356    190   206     195

    2357    187   204     190

    2358    195   206     213

    2359    190   195     179

    2360    187   190     175

    2361    179   195     184

    2362    190   179     175

    2363    184   195     201

    2364    175   179     160

    2365    160   179     165

    2366    175   160     156

    2367    165   179     184

    2368    160   165     146

    2369    156   160     140

    2370    146   165     155

    2371    160   146     140

    2372    155   165     174

    2373    140   146     129

    2374    174   165     184

    2375    155   174     162

    2376    129   146     133

    2377    174   184     189

    2378    174   189     176

    2379    174   176     162

    2380    162   176     163

    2381    162   163     143

    2382    143   163     148

    2383    162   143     155

    2384    133   146     155

    2385    133   155     143

    2386    289   302     287

    2387    289   287     275

    2388    289   275     279

    2389    279   275     265

    2390    289   279     293

    2391    265   275     262

    2392    279   265     260

    2393    293   279     272

    2394    268   282     276

    2395    129   133     116

    2396    116   133     122

    2397    129   116     111

    2398    122   133     143

    2399    116   122     104

    2400    111   116      98

    2401    129   111     124

    2402    116   104      98

    2403    111    98      93

    2404    124   111     106

    2405     98   104      89

    2406    111    93     106

    2407    106    93      91

    2408     91    93      79

    2409    106    91     101

    2410     79    93      81

    2411     91    79      78

    2412    101    91      92

    2413    101    92     109

    2414    104   122     113

    2415    113   122     131

    2416    104   113      89

    2417    131   122     143

    2418    131   143     148

    2419     93    98      81

    2420    113   131     121

    2421    121   131     148

    2422    113   121     103

    2423    103   121     125

    2424    113   103      89

    2425    413   424     402

    2426    344   329     332

    2427    187   175     173

    2428    173   175     156

    2429    187   173     185

    2430    173   156     154

    2431    185   173     169

    2432    187   185     200

    2433    154   156     139

    2434    169   173     154

    2435    185   169     183

    2436    200   185     198

    2437    139   156     140

    2438    183   169     167

    2439    200   198     212

    2440    139   140     124

    2441    167   169     151

    2442    212   198     209

    2443    124   140     129

    2444    151   169     154

    2445    209   198     196

    2446    151   154     134

    2447    196   198     183

    2448    134   154     139

    2449    151   134     126

    2450    183   198     185

    2451    134   139     120

    2452    120   139     124

    2453    134   120     109

    2454    120   124     106

    2455    120   106     101

    2456    120   101     109

    2457    212   209     225

    2458    225   209     223

    2459    212   225     228

    2460    223   209     208

    2461    225   223     237

    2462    228   225     241

    2463    208   209     196

    2464    225   237     241

    2465    208   196     197

    2466    241   237     252

    2467    252   237     249

    2468    249   237     236

    2469    236   237     223

    2470    249   236     251

    2471    236   223     224

    2472    251   236     239

    2473    224   223     208

    2474    239   236     224

    2475    251   246     260

    2476    239   224     229

    2477    239   229     246

    2478    239   246     251

    2479    212   228     216

    2480    212   216     200

    2481    249   251     262

    2482    262   251     265

    2483    265   251     260

    2484    183   167     181

    2485    224   208     214

    2486    388   401     402

    2487    289   293     304

    2488    304   293     300

    2489    730   719     735

    2490    558   546     543

    2491    585   596     584

    2492    418   417     404

    2493    418   404     406

    2494    406   404     393

    2495    418   406     415

    2496    406   393     400

    2497    406   400     415

    2498    619   605     610

    2499    619   610     624

    2500    619   624     632

    2501    632   624     639

    2502    632   639     643

    2503    632   643     629

    2504    632   629     619

    2505    475   488     474

    2506    474   488     486

    2507    486   488     496

    2508    474   486     476

    2509    496   488     499

    2510    486   496     504

    2511    496   499     509

    2512    496   509     517

    2513    590   580     592

    2514    592   580     583

    2515    590   592     604

    2516    604   592     605

    2517    605   592     595

    2518    318   314     304

    2519    318   304     300

    2520    751   741     754

    2521    754   741     748

    2522    508   494     498

    2523    508   498     513

    2524    609   621     625

    2525    228   241     243

    2526    580   569     570

    2527    350   361     372

    2528    431   418     415

    2529    564   550     552

    2530    564   552     566

    2531    378   366     379

    2532    379   366     373

    2533    561   573     571

    2534    457   444     443

    2535    443   444     430

    2536     89    81      98

    2537    494   493     480

    2538    480   493     479

    2539    494   480     484

    2540    480   479     469

    2541    480   469     471

    2542    621   635     638

    2543    306   315     319

    2544     37    27      23

    2545    469   457     471

    2546    167   151     144

    2547    569   558     570

    2548    282   294     290

    2549    282   290     276

    2550    842   830     845

    2551    402   387     388

    2552    682   669     681

    2553    741   730     735

    2554    340   353     358

    2555    826   835     823

    2556    596   609     612

    2557    461   474     476

    2558    719   706     707

    2559    353   350     372

    2560    196   183     181

    2561    355   344     360

    2562    276   264     258

    2563    705   692     695

    2564    695   692     683

    2565    144   164     167

    2566    167   164     181

    2567   1288  1337    1320

    2568    985   956     973

    2569     95    90      77

    2570     77    90      88

    2571    832   845     830

    2572    832   830     816

    2573    490   476     486

    2574    490   486     504

    2575    722   735     719

    2576    722   719     707

    2577    598   584     596

    2578    598   596     612

    2579    272   286     293

    2580    293   286     300

    2581     31    40      38

    2582   1022  1050    1044

    2583    383   369     372

    2584   1377  1357    1362

    2585    227   213     220

    2586    227   220     238

    2587    214   229     224

    2588   1400  1412    1407

    2589   1407  1412    1414

    2590   1407  1414    1398

    2591   1407  1398    1400

    2592    876   852     863

    2593    863   852     844

    2594    876   863     873

    2595    873   863     851

    2596     11    13      18

    2597     18    13      17

    2598    910   938     927

    2599    443   458     457

    2600    457   458     471

    2601   1096  1068    1081

    2602   1081  1068    1055

    2603   1081  1090    1102

    2604   1096  1081    1102

    2605    125   115     108

    2606    108   115      97

    2607    125   108     103

    2608     97   115     107

    2609    108    97      82

    2610     97    83      84

    2611     97    84      82

    2612    332   347     344

    2613    344   347     360

    2614    758   745     756

    2615    758   756     773

    2616     78    92      91

    2617    331   319     328

    2618    331   328     345

    2619    557   570     558

    2620    557   558     543

    2621   1408  1395    1402

    2622    639   653     643

    2623    679   666     670

    2624    181   197     196

    2625    930   902     911

    2626    884   892     858

    2627    858   892     855

    2628    462   449     451

    2629    415   430     431

    2630   1154  1125    1141

    2631    148   135     121

    2632    121   135     125

    2633    748   761     754

    2634    571   559     561

    2635    300   317     318

    2636    787   773     769

    2637     49    63      55

    2638   1078  1106    1099

    2639    358   345     340

    2640    528   543     546

    2641    201   189     184

    2642    694   707     706

    2643    625   612     609

    2644    841   827     831

    2645     17    23      27

    2646    967   994     987

    2647    471   484     480

    2648   1041  1013    1023

    2649    107    99      83

    2650    803   816     817

    2651    517   504     496

    2652    360   373     366

    2653    732   720     721

    2654    109   126     134

    2655   1193  1236    1219

    2656    305   290     294

    2657    583   595     592

    2658   1420  1408    1411

    2659   1411  1408    1402

    2660   1411  1402    1419

    2661   1411  1419    1420

    2662    264   250     245

    2663   1337  1367    1352

    2664    956   930     936

    2665    845   858     855

    2666    476   462     461

    2667    735   748     741

    2668    584   571     573

    2669     40    49      55

    2670   1050  1078    1064

    2671    369   358     353

    2672   1357  1319    1338

    2673    213   201     195

    2674    681   694     693

    2675    638   625     621

    2676    852   841     844

    2677    938   967     952

    2678   1068  1041    1055

    2679    790   803     805

    2680    745   732     733

    2681    319   305     306

    2682    570   583     580

    2683    653   667     656

    2684    666   652     659

    2685    197   214     208

    2686   1386  1400    1398

    2687    902   876     873

    2688    884   910     892

    2689   1125  1096    1102

    2690    761   776     768

    2691    559   545     548

    2692    317   332     329

    2693     63    78      79

    2694   1106  1135    1121

    2695   1269  1220    1239

    2696    260   272     279

    2697    827   813     818

    2698     23    31      38

    2699    994  1022    1010

    2700    396   383     385

    2701    484   498     494

    2702   1013   985     995

    2703    373   386     379

    2704    720   705     708

    2705    126   144     151

    2706    595   610     605

    2707    833   835     851

    2708    103   108      82

    2709    372   369     353

    2710     27    25      17

    2711    850   851     835

    2712     81    72      79

    2713     79    72      63

    2714    844   851     863

    2715    103    82      89

    2716   1055  1041    1023

    2717    910   927     892

    2718    911   902     873