       1    2.50000    0.41000    0.00000 
       2    2.45968    0.41000    0.00000 
       3    2.50000    0.36911    0.00000 
       4    2.44595    0.36995    0.00000 
       5    2.50000    0.33391    0.00000 
       6    2.41935    0.41000    0.00000 
       7    2.46235    0.33337    0.00000 
       8    2.40964    0.36592    0.00000 
       9    2.42470    0.33128    0.00000 
      10    2.50000    0.30000    0.00000 
      11    2.46988    0.30000    0.00000 
      12    2.37903    0.41000    0.00000 
      13    2.43976    0.30000    0.00000 
      14    2.37942    0.36088    0.00000 
      15    2.39458    0.33128    0.00000 
      16    2.50000    0.27143    0.00000 
      17    2.40964    0.30000    0.00000 
      18    2.44851    0.27277    0.00000 
      19    2.47402    0.25714    0.00000 
      20    2.36446    0.33128    0.00000 
      21    2.34940    0.36592    0.00000 
      22    2.33871    0.41000    0.00000 
      23    2.37952    0.30000    0.00000 
      24    2.50000    0.24286    0.00000 
      25    2.41922    0.25942    0.00000 
      26    2.44804    0.24286    0.00000 
      27    2.39188    0.27108    0.00000 
      28    2.47402    0.22857    0.00000 
      29    2.33434    0.33128    0.00000 
      30    2.31903    0.36907    0.00000 
      31    2.34940    0.30000    0.00000 
      32    2.50000    0.21429    0.00000 
      33    2.42206    0.22857    0.00000 
      34    2.39519    0.24126    0.00000 
      35    2.29839    0.41000    0.00000 
      36    2.44804    0.21429    0.00000 
      37    2.36773    0.25330    0.00000 
      38    2.34468    0.26983    0.00000 
      39    2.30422    0.33128    0.00000 
      40    2.31928    0.30000    0.00000 
      41    2.47402    0.20000    0.00000 
      42    2.28916    0.36592    0.00000 
      43    2.39862    0.21175    0.00000 
      44    2.50000    0.18571    0.00000 
      45    2.42253    0.19866    0.00000 
      46    2.34815    0.24168    0.00000 
      47    2.37110    0.22350    0.00000 
      48    2.44851    0.18705    0.00000 
      49    2.28916    0.30000    0.00000 
      50    2.32063    0.25258    0.00000 
      51    2.27410    0.33128    0.00000 
      52    2.47402    0.17143    0.00000 
      53    2.25806    0.41000    0.00000 
      54    2.25884    0.36088    0.00000 
      55    2.29619    0.26939    0.00000 
      56    2.37237    0.19732    0.00000 
      57    2.39783    0.18180    0.00000 
      58    2.34648    0.21245    0.00000 
      59    2.42492    0.16914    0.00000 
      60    2.50000    0.15714    0.00000 
      61    2.32137    0.22854    0.00000 
      62    2.44804    0.15714    0.00000 
      63    2.25904    0.30000    0.00000 
      64    2.29503    0.23975    0.00000 
      65    2.24398    0.33128    0.00000 
      66    2.47402    0.14286    0.00000 
      67    2.32573    0.19894    0.00000 
      68    2.37232    0.16751    0.00000 
      69    2.39874    0.15497    0.00000 
      70    2.34636    0.18246    0.00000 
      71    2.22892    0.36592    0.00000 
      72    2.26965    0.25558    0.00000 
      73    2.50000    0.12857    0.00000 
      74    2.42141    0.13892    0.00000 
      75    2.21774    0.41000    0.00000 
      76    2.29803    0.21024    0.00000 
      77    2.44851    0.12723    0.00000 
      78    2.22892    0.30000    0.00000 
      79    2.24581    0.26282    0.00000 
      80    2.21386    0.33128    0.00000 
      81    2.26315    0.23056    0.00000 
      82    2.31983    0.17040    0.00000 
      83    2.37439    0.13777    0.00000 
      84    2.34744    0.15083    0.00000 
      85    2.39863    0.12503    0.00000 
      86    2.19839    0.36907    0.00000 
      87    2.50000    0.10000    0.00000 
      88    2.46988    0.10000    0.00000 
      89    2.27382    0.19255    0.00000 
      90    2.43976    0.10000    0.00000 
      91    2.21656    0.26946    0.00000 
      92    2.19880    0.30000    0.00000 
      93    2.22543    0.24080    0.00000 
      94    2.17742    0.41000    0.00000 
      95    2.40964    0.10000    0.00000 
      96    2.18373    0.33128    0.00000 
      97    2.33422    0.12602    0.00000 
      98    2.23431    0.21215    0.00000 
      99    2.37952    0.10000    0.00000 
     100    2.16867    0.36592    0.00000 
     101    2.18730    0.27610    0.00000 
     102    2.50000    0.06917    0.00000 
     103    2.28131    0.14819    0.00000 
     104    2.24318    0.18349    0.00000 
     105    2.46235    0.06825    0.00000 
     106    2.19618    0.24745    0.00000 
     107    2.34940    0.10000    0.00000 
     108    2.30422    0.12598    0.00000 
     109    2.16867    0.30000    0.00000 
     110    2.42470    0.06872    0.00000 
     111    2.20505    0.21879    0.00000 
     112    2.15361    0.33128    0.00000 
     113    2.25205    0.15483    0.00000 
     114    2.39458    0.06872    0.00000 
     115    2.31928    0.10000    0.00000 
     116    2.21393    0.19013    0.00000 
     117    2.13710    0.41000    0.00000 
     118    2.13826    0.36088    0.00000 
     119    2.36446    0.06872    0.00000 
     120    2.16692    0.25409    0.00000 
     121    2.26093    0.12617    0.00000 
     122    2.22280    0.16147    0.00000 
     123    2.50000    0.03754    0.00000 
     124    2.17580    0.22543    0.00000 
     125    2.28916    0.10000    0.00000 
     126    2.13855    0.30000    0.00000 
     127    2.44595    0.03476    0.00000 
     128    2.33434    0.06872    0.00000 
     129    2.18467    0.19677    0.00000 
     130    2.12349    0.33128    0.00000 
     131    2.23167    0.13282    0.00000 
     132    2.40964    0.03408    0.00000 
     133    2.19354    0.16812    0.00000 
     134    2.13767    0.26073    0.00000 
     135    2.25904    0.10000    0.00000 
     136    2.30422    0.06872    0.00000 
     137    2.10843    0.36592    0.00000 
     138    2.37952    0.03408    0.00000 
     139    2.14654    0.23208    0.00000 
     140    2.15541    0.20342    0.00000 
     141    2.09677    0.41000    0.00000 
     142    2.34940    0.03408    0.00000 
     143    2.20915    0.12672    0.00000 
     144    2.10843    0.30000    0.00000 
     145    2.27410    0.06872    0.00000 
     146    2.16429    0.17476    0.00000 
     147    2.50000    0.00000    0.00000 
     148    2.22892    0.10000    0.00000 
     149    2.45968    0.00000    0.00000 
     150    2.09337    0.33128    0.00000 
     151    2.10841    0.26738    0.00000 
     152    2.31928    0.03408    0.00000 
     153    2.41935    0.00000    0.00000 
     154    2.11728    0.23872    0.00000 
     155    2.17316    0.14610    0.00000 
     156    2.12616    0.21006    0.00000 
     157    2.07775    0.36907    0.00000 
     158    2.24398    0.06872    0.00000 
     159    2.37903    0.00000    0.00000 
     160    2.13503    0.18140    0.00000 
     161    2.28916    0.03408    0.00000 
     162    2.18204    0.11745    0.00000 
     163    2.19880    0.10000    0.00000 
     164    2.07831    0.30000    0.00000 
     165    2.14391    0.15275    0.00000 
     166    2.33871    0.00000    0.00000 
     167    2.07916    0.27402    0.00000 
     168    2.05645    0.41000    0.00000 
     169    2.08803    0.24536    0.00000 
     170    2.06325    0.33128    0.00000 
     171    2.21386    0.06872    0.00000 
     172    2.25904    0.03408    0.00000 
     173    2.09690    0.21670    0.00000 
     174    2.15278    0.12409    0.00000 
     175    2.10578    0.18805    0.00000 
     176    2.16867    0.10000    0.00000 
     177    2.04819    0.36592    0.00000 
     178    2.29839    0.00000    0.00000 
     179    2.11465    0.15939    0.00000 
     180    2.22892    0.03408    0.00000 
     181    2.04819    0.30000    0.00000 
     182    2.18373    0.06872    0.00000 
     183    2.05877    0.25200    0.00000 
     184    2.12353    0.13073    0.00000 
     185    2.06765    0.22335    0.00000 
     186    2.03313    0.33128    0.00000 
     187    2.07652    0.19469    0.00000 
     188    2.25806    0.00000    0.00000 
     189    2.13855    0.10000    0.00000 
     190    2.08540    0.16603    0.00000 
     191    2.19880    0.03408    0.00000 
     192    2.01613    0.41000    0.00000 
     193    2.01768    0.36088    0.00000 
     194    2.15361    0.06872    0.00000 
     195    2.09427    0.13738    0.00000 
     196    2.02952    0.25865    0.00000 
     197    2.01807    0.30000    0.00000 
     198    2.03839    0.22999    0.00000 
     199    2.21774    0.00000    0.00000 
     200    2.04727    0.20133    0.00000 
     201    2.10843    0.10000    0.00000 
     202    2.16867    0.03408    0.00000 
     203    2.00301    0.33128    0.00000 
     204    2.05614    0.17268    0.00000 
     205    2.12349    0.06872    0.00000 
     206    2.06502    0.14402    0.00000 
     207    1.98795    0.36592    0.00000 
     208    2.00026    0.26529    0.00000 
     209    2.00914    0.23663    0.00000 
     210    2.13855    0.03408    0.00000 
     211    2.17742    0.00000    0.00000 
     212    2.01801    0.20798    0.00000 
     213    2.07831    0.10000    0.00000 
     214    1.98795    0.30000    0.00000 
     215    1.97581    0.41000    0.00000 
     216    2.02689    0.17932    0.00000 
     217    2.09337    0.06872    0.00000 
     218    2.03576    0.15066    0.00000 
     219    1.97289    0.33128    0.00000 
     220    2.04464    0.12200    0.00000 
     221    2.10843    0.03408    0.00000 
     222    1.95783    0.36592    0.00000 
     223    1.97988    0.24328    0.00000 
     224    1.97101    0.27193    0.00000 
     225    1.98876    0.21462    0.00000 
     226    2.13710    0.00000    0.00000 
     227    2.04819    0.10000    0.00000 
     228    1.99763    0.18596    0.00000 
     229    1.95783    0.30000    0.00000 
     230    2.06325    0.06872    0.00000 
     231    2.00651    0.15730    0.00000 
     232    2.01538    0.12865    0.00000 
     233    1.94277    0.33128    0.00000 
     234    1.93548    0.41000    0.00000 
     235    2.07831    0.03408    0.00000 
     236    1.95063    0.24992    0.00000 
     237    1.95950    0.22126    0.00000 
     238    2.01807    0.10000    0.00000 
     239    1.94175    0.27858    0.00000 
     240    1.92771    0.36592    0.00000 
     241    1.96838    0.19260    0.00000 
     242    2.09677    0.00000    0.00000 
     243    1.97725    0.16395    0.00000 
     244    2.03313    0.06872    0.00000 
     245    1.98613    0.13529    0.00000 
     246    1.92771    0.30000    0.00000 
     247    2.04819    0.03408    0.00000 
     248    1.91265    0.33128    0.00000 
     249    1.93025    0.22791    0.00000 
     250    1.98795    0.10000    0.00000 
     251    1.92137    0.25656    0.00000 
     252    1.93912    0.19925    0.00000 
     253    1.94800    0.17059    0.00000 
     254    2.00301    0.06872    0.00000 
     255    2.05645    0.00000    0.00000 
     256    1.89516    0.41000    0.00000 
     257    1.89710    0.36088    0.00000 
     258    1.95687    0.14193    0.00000 
     259    2.01768    0.04112    0.00000 
     260    1.89759    0.30000    0.00000 
     261    1.88253    0.33128    0.00000 
     262    1.90099    0.23455    0.00000 
     263    1.90987    0.20589    0.00000 
     264    1.95783    0.10000    0.00000 
     265    1.89212    0.26321    0.00000 
     266    1.91874    0.17723    0.00000 
     267    1.97289    0.06872    0.00000 
     268    1.92762    0.14858    0.00000 
     269    1.86747    0.36592    0.00000 
     270    2.01613    0.00000    0.00000 
     271    1.98795    0.03408    0.00000 
     272    1.86747    0.30000    0.00000 
     273    1.85484    0.41000    0.00000 
     274    1.88061    0.21253    0.00000 
     275    1.87174    0.24119    0.00000 
     276    1.92771    0.10000    0.00000 
     277    1.88949    0.18388    0.00000 
     278    1.85241    0.33128    0.00000 
     279    1.86286    0.26985    0.00000 
     280    1.89836    0.15522    0.00000 
     281    1.94277    0.06872    0.00000 
     282    1.90723    0.12656    0.00000 
     283    1.95783    0.03408    0.00000 
     284    1.83646    0.36907    0.00000 
     285    1.97581    0.00000    0.00000 
     286    1.83735    0.30000    0.00000 
     287    1.85136    0.21918    0.00000 
     288    1.86023    0.19052    0.00000 
     289    1.84248    0.24783    0.00000 
     290    1.89759    0.10000    0.00000 
     291    1.86911    0.16186    0.00000 
     292    1.91265    0.06872    0.00000 
     293    1.83361    0.27649    0.00000 
     294    1.87798    0.13321    0.00000 
     295    1.82229    0.33128    0.00000 
     296    1.92771    0.03408    0.00000 
     297    1.81452    0.41000    0.00000 
     298    1.80723    0.36592    0.00000 
     299    1.93548    0.00000    0.00000 
     300    1.80723    0.30000    0.00000 
     301    1.83098    0.19716    0.00000 
     302    1.82210    0.22582    0.00000 
     303    1.83985    0.16851    0.00000 
     304    1.81323    0.25448    0.00000 
     305    1.86747    0.10000    0.00000 
     306    1.84872    0.13985    0.00000 
     307    1.88253    0.06872    0.00000 
     308    1.89710    0.04112    0.00000 
     309    1.79217    0.33128    0.00000 
     310    1.77653    0.36088    0.00000 
     311    1.77419    0.41000    0.00000 
     312    1.80172    0.20381    0.00000 
     313    1.81059    0.17515    0.00000 
     314    1.79285    0.23246    0.00000 
     315    1.81947    0.14649    0.00000 
     316    1.89516    0.00000    0.00000 
     317    1.77711    0.30000    0.00000 
     318    1.78397    0.26112    0.00000 
     319    1.83735    0.10000    0.00000 
     320    1.85241    0.06872    0.00000 
     321    1.86747    0.03408    0.00000 
     322    1.76205    0.33128    0.00000 
     323    1.78134    0.18179    0.00000 
     324    1.74699    0.36592    0.00000 
     325    1.77246    0.21045    0.00000 
     326    1.79021    0.15313    0.00000 
     327    1.76359    0.23911    0.00000 
     328    1.79909    0.12448    0.00000 
     329    1.75472    0.26776    0.00000 
     330    1.82229    0.06872    0.00000 
     331    1.80723    0.10000    0.00000 
     332    1.74699    0.30000    0.00000 
     333    1.83735    0.03408    0.00000 
     334    1.85484    0.00000    0.00000 
     335    1.73387    0.41000    0.00000 
     336    1.73193    0.33128    0.00000 
     337    1.75208    0.18843    0.00000 
     338    1.76096    0.15978    0.00000 
     339    1.74321    0.21709    0.00000 
     340    1.76983    0.13112    0.00000 
     341    1.73434    0.24575    0.00000 
     342    1.71581    0.36907    0.00000 
     343    1.79217    0.06872    0.00000 
     344    1.72546    0.27441    0.00000 
     345    1.77711    0.10000    0.00000 
     346    1.80723    0.03408    0.00000 
     347    1.71687    0.30000    0.00000 
     348    1.81452    0.00000    0.00000 
     349    1.70181    0.33128    0.00000 
     350    1.73170    0.16642    0.00000 
     351    1.72283    0.19508    0.00000 
     352    1.69355    0.41000    0.00000 
     353    1.74058    0.13776    0.00000 
     354    1.71395    0.22374    0.00000 
     355    1.70508    0.25239    0.00000 
     356    1.77653    0.04112    0.00000 
     357    1.76205    0.06872    0.00000 
     358    1.74699    0.10000    0.00000 
     359    1.68675    0.36592    0.00000 
     360    1.68675    0.30000    0.00000 
     361    1.70245    0.17306    0.00000 
     362    1.67169    0.33128    0.00000 
     363    1.69357    0.20172    0.00000 
     364    1.77419    0.00000    0.00000 
     365    1.68470    0.23038    0.00000 
     366    1.67582    0.25904    0.00000 
     367    1.73193    0.06872    0.00000 
     368    1.74699    0.03408    0.00000 
     369    1.71687    0.10000    0.00000 
     370    1.65595    0.36088    0.00000 
     371    1.65323    0.41000    0.00000 
     372    1.69996    0.12810    0.00000 
     373    1.65663    0.30000    0.00000 
     374    1.68207    0.15105    0.00000 
     375    1.67319    0.17971    0.00000 
     376    1.66432    0.20836    0.00000 
     377    1.64157    0.33128    0.00000 
     378    1.65544    0.23702    0.00000 
     379    1.64657    0.26568    0.00000 
     380    1.70181    0.06872    0.00000 
     381    1.71687    0.03408    0.00000 
     382    1.73387    0.00000    0.00000 
     383    1.68675    0.10000    0.00000 
     384    1.62651    0.36592    0.00000 
     385    1.67087    0.12734    0.00000 
     386    1.62651    0.30000    0.00000 
     387    1.65474    0.15263    0.00000 
     388    1.64394    0.18635    0.00000 
     389    1.63506    0.21501    0.00000 
     390    1.61290    0.41000    0.00000 
     391    1.62619    0.24366    0.00000 
     392    1.61145    0.33128    0.00000 
     393    1.61731    0.27232    0.00000 
     394    1.67169    0.06872    0.00000 
     395    1.68675    0.03408    0.00000 
     396    1.65663    0.10000    0.00000 
     397    1.69355    0.00000    0.00000 
     398    1.64090    0.12604    0.00000 
     399    1.59517    0.36907    0.00000 
     400    1.59639    0.30000    0.00000 
     401    1.61468    0.19299    0.00000 
     402    1.62479    0.15127    0.00000 
     403    1.60581    0.22165    0.00000 
     404    1.59693    0.25031    0.00000 
     405    1.65595    0.04112    0.00000 
     406    1.58806    0.27896    0.00000 
     407    1.58133    0.33128    0.00000 
     408    1.64157    0.06872    0.00000 
     409    1.62651    0.10000    0.00000 
     410    1.57258    0.41000    0.00000 
     411    1.61118    0.12460    0.00000 
     412    1.56627    0.36592    0.00000 
     413    1.59430    0.17098    0.00000 
     414    1.58543    0.19964    0.00000 
     415    1.56627    0.30000    0.00000 
     416    1.65323    0.00000    0.00000 
     417    1.57655    0.22829    0.00000 
     418    1.56768    0.25695    0.00000 
     419    1.62651    0.03408    0.00000 
     420    1.61145    0.06872    0.00000 
     421    1.55120    0.33128    0.00000 
     422    1.59639    0.10000    0.00000 
     423    1.58280    0.12031    0.00000 
     424    1.57392    0.14896    0.00000 
     425    1.56505    0.17762    0.00000 
     426    1.55617    0.20628    0.00000 
     427    1.53537    0.36088    0.00000 
     428    1.53226    0.41000    0.00000 
     429    1.54730    0.23494    0.00000 
     430    1.53614    0.30000    0.00000 
     431    1.53842    0.26359    0.00000 
     432    1.61290    0.00000    0.00000 
     433    1.59639    0.03408    0.00000 
     434    1.58133    0.06872    0.00000 
     435    1.52108    0.33128    0.00000 
     436    1.56627    0.10000    0.00000 
     437    1.55354    0.12695    0.00000 
     438    1.54467    0.15561    0.00000 
     439    1.53579    0.18426    0.00000 
     440    1.52692    0.21292    0.00000 
     441    1.50602    0.36592    0.00000 
     442    1.51804    0.24158    0.00000 
     443    1.50602    0.30000    0.00000 
     444    1.50917    0.27024    0.00000 
     445    1.56627    0.03408    0.00000 
     446    1.49194    0.41000    0.00000 
     447    1.55120    0.06872    0.00000 
     448    1.49096    0.33128    0.00000 
     449    1.53614    0.10000    0.00000 
     450    1.57258    0.00000    0.00000 
     451    1.52429    0.13359    0.00000 
     452    1.51541    0.16225    0.00000 
     453    1.50654    0.19091    0.00000 
     454    1.49766    0.21957    0.00000 
     455    1.48879    0.24822    0.00000 
     456    1.47453    0.36907    0.00000 
     457    1.47991    0.27688    0.00000 
     458    1.47590    0.30000    0.00000 
     459    1.53537    0.04112    0.00000 
     460    1.52108    0.06872    0.00000 
     461    1.49503    0.14024    0.00000 
     462    1.50602    0.10000    0.00000 
     463    1.48616    0.16889    0.00000 
     464    1.46084    0.33128    0.00000 
     465    1.47728    0.19755    0.00000 
     466    1.46841    0.22621    0.00000 
     467    1.45161    0.41000    0.00000 
     468    1.53226    0.00000    0.00000 
     469    1.45953    0.25487    0.00000 
     470    1.44578    0.36592    0.00000 
     471    1.44578    0.30000    0.00000 
     472    1.50602    0.03408    0.00000 
     473    1.49096    0.06872    0.00000 
     474    1.46577    0.14688    0.00000 
     475    1.45690    0.17554    0.00000 
     476    1.47590    0.10000    0.00000 
     477    1.44803    0.20419    0.00000 
     478    1.43072    0.33128    0.00000 
     479    1.43915    0.23285    0.00000 
     480    1.43028    0.26151    0.00000 
     481    1.41479    0.36088    0.00000 
     482    1.49194    0.00000    0.00000 
     483    1.41129    0.41000    0.00000 
     484    1.41566    0.30000    0.00000 
     485    1.47590    0.03408    0.00000 
     486    1.44539    0.12487    0.00000 
     487    1.46084    0.06872    0.00000 
     488    1.43652    0.15352    0.00000 
     489    1.42764    0.18218    0.00000 
     490    1.44578    0.10000    0.00000 
     491    1.41877    0.21084    0.00000 
     492    1.40060    0.33128    0.00000 
     493    1.40990    0.23949    0.00000 
     494    1.40102    0.26815    0.00000 
     495    1.38554    0.36592    0.00000 
     496    1.41614    0.13151    0.00000 
     497    1.44578    0.03408    0.00000 
     498    1.38554    0.30000    0.00000 
     499    1.40726    0.16017    0.00000 
     500    1.43072    0.06872    0.00000 
     501    1.39839    0.18882    0.00000 
     502    1.45161    0.00000    0.00000 
     503    1.38952    0.21748    0.00000 
     504    1.41566    0.10000    0.00000 
     505    1.37097    0.41000    0.00000 
     506    1.38064    0.24614    0.00000 
     507    1.37048    0.33128    0.00000 
     508    1.37177    0.27480    0.00000 
     509    1.38688    0.13815    0.00000 
     510    1.41479    0.04112    0.00000 
     511    1.35388    0.36907    0.00000 
     512    1.37801    0.16681    0.00000 
     513    1.35542    0.30000    0.00000 
     514    1.36913    0.19547    0.00000 
     515    1.40060    0.06872    0.00000 
     516    1.36026    0.22412    0.00000 
     517    1.38554    0.10000    0.00000 
     518    1.35139    0.25278    0.00000 
     519    1.34036    0.33128    0.00000 
     520    1.41129    0.00000    0.00000 
     521    1.34251    0.28144    0.00000 
     522    1.36664    0.12759    0.00000 
     523    1.33065    0.41000    0.00000 
     524    1.34875    0.17345    0.00000 
     525    1.32530    0.36592    0.00000 
     526    1.38554    0.03408    0.00000 
     527    1.33988    0.20211    0.00000 
     528    1.32530    0.30000    0.00000 
     529    1.37048    0.06872    0.00000 
     530    1.33100    0.23077    0.00000 
     531    1.35542    0.10000    0.00000 
     532    1.32213    0.25942    0.00000 
     533    1.31024    0.33128    0.00000 
     534    1.33725    0.12278    0.00000 
     535    1.32837    0.15144    0.00000 
     536    1.37097    0.00000    0.00000 
     537    1.31950    0.18009    0.00000 
     538    1.35542    0.03408    0.00000 
     539    1.31062    0.20875    0.00000 
     540    1.29421    0.36088    0.00000 
     541    1.34036    0.06872    0.00000 
     542    1.29032    0.41000    0.00000 
     543    1.29518    0.30000    0.00000 
     544    1.30175    0.23741    0.00000 
     545    1.32530    0.10000    0.00000 
     546    1.29287    0.26607    0.00000 
     547    1.28012    0.33128    0.00000 
     548    1.30799    0.12942    0.00000 
     549    1.29912    0.15808    0.00000 
     550    1.29024    0.18674    0.00000 
     551    1.32530    0.03408    0.00000 
     552    1.28137    0.21540    0.00000 
     553    1.26506    0.36592    0.00000 
     554    1.31024    0.06872    0.00000 
     555    1.27249    0.24405    0.00000 
     556    1.33065    0.00000    0.00000 
     557    1.26506    0.30000    0.00000 
     558    1.26362    0.27271    0.00000 
     559    1.29518    0.10000    0.00000 
     560    1.25000    0.41000    0.00000 
     561    1.27874    0.13607    0.00000 
     562    1.25000    0.33128    0.00000 
     563    1.26986    0.16472    0.00000 
     564    1.26099    0.19338    0.00000 
     565    1.29421    0.04112    0.00000 
     566    1.25211    0.22204    0.00000 
     567    1.23494    0.36592    0.00000 
     568    1.28012    0.06872    0.00000 
     569    1.24324    0.25070    0.00000 
     570    1.23494    0.30000    0.00000 
     571    1.26506    0.10000    0.00000 
     572    1.29032    0.00000    0.00000 
     573    1.24948    0.14271    0.00000 
     574    1.24061    0.17137    0.00000 
     575    1.21988    0.33128    0.00000 
     576    1.23173    0.20002    0.00000 
     577    1.22286    0.22868    0.00000 
     578    1.20968    0.41000    0.00000 
     579    1.26506    0.03408    0.00000 
     580    1.21398    0.25734    0.00000 
     581    1.20579    0.36088    0.00000 
     582    1.25000    0.06872    0.00000 
     583    1.20482    0.30000    0.00000 
     584    1.23494    0.10000    0.00000 
     585    1.22023    0.14935    0.00000 
     586    1.21135    0.17801    0.00000 
     587    1.18976    0.33128    0.00000 
     588    1.20248    0.20667    0.00000 
     589    1.25000    0.00000    0.00000 
     590    1.19360    0.23532    0.00000 
     591    1.23494    0.03408    0.00000 
     592    1.18473    0.26398    0.00000 
     593    1.21988    0.06872    0.00000 
     594    1.17470    0.36592    0.00000 
     595    1.17470    0.30000    0.00000 
     596    1.19985    0.12734    0.00000 
     597    1.16935    0.41000    0.00000 
     598    1.20482    0.10000    0.00000 
     599    1.19097    0.15600    0.00000 
     600    1.18210    0.18465    0.00000 
     601    1.17322    0.21331    0.00000 
     602    1.15964    0.33128    0.00000 
     603    1.20579    0.04112    0.00000 
     604    1.16435    0.24197    0.00000 
     605    1.15547    0.27063    0.00000 
     606    1.20968    0.00000    0.00000 
     607    1.18976    0.06872    0.00000 
     608    1.14612    0.36907    0.00000 
     609    1.17059    0.13398    0.00000 
     610    1.14458    0.30000    0.00000 
     611    1.16172    0.16264    0.00000 
     612    1.17470    0.10000    0.00000 
     613    1.15284    0.19130    0.00000 
     614    1.14397    0.21995    0.00000 
     615    1.12903    0.41000    0.00000 
     616    1.12952    0.33128    0.00000 
     617    1.13509    0.24861    0.00000 
     618    1.17470    0.03408    0.00000 
     619    1.12622    0.27727    0.00000 
     620    1.15964    0.06872    0.00000 
     621    1.14134    0.14062    0.00000 
     622    1.11446    0.36592    0.00000 
     623    1.13246    0.16928    0.00000 
     624    1.11446    0.30000    0.00000 
     625    1.14458    0.10000    0.00000 
     626    1.16935    0.00000    0.00000 
     627    1.12359    0.19794    0.00000 
     628    1.11471    0.22660    0.00000 
     629    1.10584    0.25525    0.00000 
     630    1.09940    0.33128    0.00000 
     631    1.14458    0.03408    0.00000 
     632    1.09726    0.27670    0.00000 
     633    1.08871    0.41000    0.00000 
     634    1.12952    0.06872    0.00000 
     635    1.11208    0.14727    0.00000 
     636    1.08521    0.36088    0.00000 
     637    1.10321    0.17593    0.00000 
     638    1.11446    0.10000    0.00000 
     639    1.08434    0.30000    0.00000 
     640    1.09433    0.20458    0.00000 
     641    1.08546    0.23324    0.00000 
     642    1.12903    0.00000    0.00000 
     643    1.07658    0.26190    0.00000 
     644    1.06928    0.33128    0.00000 
     645    1.11446    0.03408    0.00000 
     646    1.09170    0.12525    0.00000 
     647    1.08282    0.15391    0.00000 
     648    1.09940    0.06872    0.00000 
     649    1.07395    0.18257    0.00000 
     650    1.05422    0.36592    0.00000 
     651    1.06508    0.21123    0.00000 
     652    1.08434    0.10000    0.00000 
     653    1.05422    0.30000    0.00000 
     654    1.04839    0.41000    0.00000 
     655    1.05620    0.23988    0.00000 
     656    1.04733    0.26854    0.00000 
     657    1.08521    0.04112    0.00000 
     658    1.03916    0.33128    0.00000 
     659    1.06244    0.13190    0.00000 
     660    1.05357    0.16055    0.00000 
     661    1.08871    0.00000    0.00000 
     662    1.06928    0.06872    0.00000 
     663    1.04469    0.18921    0.00000 
     664    1.02547    0.36907    0.00000 
     665    1.03582    0.21787    0.00000 
     666    1.05422    0.10000    0.00000 
     667    1.02410    0.30000    0.00000 
     668    1.02695    0.24653    0.00000 
     669    1.01807    0.27518    0.00000 
     670    1.03319    0.13854    0.00000 
     671    1.00806    0.41000    0.00000 
     672    1.00904    0.33128    0.00000 
     673    1.05422    0.03408    0.00000 
     674    1.02431    0.16720    0.00000 
     675    1.01544    0.19585    0.00000 
     676    1.03916    0.06872    0.00000 
     677    1.00657    0.22451    0.00000 
     678    0.99398    0.36592    0.00000 
     679    1.02410    0.10000    0.00000 
     680    1.04839    0.00000    0.00000 
     681    0.99398    0.30000    0.00000 
     682    0.99769    0.25317    0.00000 
     683    1.00393    0.14518    0.00000 
     684    1.02410    0.03408    0.00000 
     685    0.97892    0.33128    0.00000 
     686    0.99506    0.17384    0.00000 
     687    0.98618    0.20250    0.00000 
     688    1.00904    0.06872    0.00000 
     689    0.96774    0.41000    0.00000 
     690    0.97731    0.23115    0.00000 
     691    0.96463    0.36088    0.00000 
     692    0.99398    0.10000    0.00000 
     693    0.96844    0.25981    0.00000 
     694    0.96386    0.30000    0.00000 
     695    0.98355    0.12317    0.00000 
     696    0.97468    0.15183    0.00000 
     697    1.00806    0.00000    0.00000 
     698    0.96580    0.18048    0.00000 
     699    0.99398    0.03408    0.00000 
     700    0.94880    0.33128    0.00000 
     701    0.95693    0.20914    0.00000 
     702    0.97892    0.06872    0.00000 
     703    0.94805    0.23780    0.00000 
     704    0.93373    0.36592    0.00000 
     705    0.96386    0.10000    0.00000 
     706    0.93918    0.26646    0.00000 
     707    0.93373    0.30000    0.00000 
     708    0.95430    0.12981    0.00000 
     709    0.92742    0.41000    0.00000 
     710    0.94542    0.15847    0.00000 
     711    0.96463    0.04112    0.00000 
     712    0.93655    0.18713    0.00000 
     713    0.91867    0.33128    0.00000 
     714    0.92767    0.21578    0.00000 
     715    0.96774    0.00000    0.00000 
     716    0.94880    0.06872    0.00000 
     717    0.91880    0.24444    0.00000 
     718    0.90483    0.36907    0.00000 
     719    0.90992    0.27310    0.00000 
     720    0.93373    0.10000    0.00000 
     721    0.92504    0.13645    0.00000 
     722    0.90361    0.30000    0.00000 
     723    0.91617    0.16511    0.00000 
     724    0.90729    0.19377    0.00000 
     725    0.93373    0.03408    0.00000 
     726    0.89842    0.22243    0.00000 
     727    0.88710    0.41000    0.00000 
     728    0.88855    0.33128    0.00000 
     729    0.91867    0.06872    0.00000 
     730    0.88954    0.25108    0.00000 
     731    0.92742    0.00000    0.00000 
     732    0.90361    0.10000    0.00000 
     733    0.89579    0.14310    0.00000 
     734    0.87349    0.36592    0.00000 
     735    0.87349    0.30000    0.00000 
     736    0.88691    0.17176    0.00000 
     737    0.87804    0.20041    0.00000 
     738    0.90361    0.03408    0.00000 
     739    0.86916    0.22907    0.00000 
     740    0.85843    0.33128    0.00000 
     741    0.86029    0.25773    0.00000 
     742    0.88855    0.06872    0.00000 
     743    0.84677    0.41000    0.00000 
     744    0.86653    0.14974    0.00000 
     745    0.87349    0.10000    0.00000 
     746    0.84337    0.36592    0.00000 
     747    0.85766    0.17840    0.00000 
     748    0.84337    0.30000    0.00000 
     749    0.84878    0.20706    0.00000 
     750    0.88710    0.00000    0.00000 
     751    0.83991    0.23571    0.00000 
     752    0.87349    0.03408    0.00000 
     753    0.82831    0.33128    0.00000 
     754    0.83103    0.26437    0.00000 
     755    0.85843    0.06872    0.00000 
     756    0.84615    0.12773    0.00000 
     757    0.83728    0.15638    0.00000 
     758    0.84337    0.10000    0.00000 
     759    0.82840    0.18504    0.00000 
     760    0.81325    0.36592    0.00000 
     761    0.81325    0.30000    0.00000 
     762    0.81953    0.21370    0.00000 
     763    0.80645    0.41000    0.00000 
     764    0.84405    0.04112    0.00000 
     765    0.81065    0.24236    0.00000 
     766    0.84677    0.00000    0.00000 
     767    0.79819    0.33128    0.00000 
     768    0.80178    0.27101    0.00000 
     769    0.81690    0.13437    0.00000 
     770    0.82831    0.06872    0.00000 
     771    0.80802    0.16303    0.00000 
     772    0.79915    0.19168    0.00000 
     773    0.81325    0.10000    0.00000 
     774    0.78419    0.36907    0.00000 
     775    0.79027    0.22034    0.00000 
     776    0.78313    0.30000    0.00000 
     777    0.78140    0.24900    0.00000 
     778    0.81325    0.03408    0.00000 
     779    0.77252    0.27766    0.00000 
     780    0.78764    0.14101    0.00000 
     781    0.76807    0.33128    0.00000 
     782    0.76613    0.41000    0.00000 
     783    0.79819    0.06872    0.00000 
     784    0.77877    0.16967    0.00000 
     785    0.80645    0.00000    0.00000 
     786    0.76989    0.19833    0.00000 
     787    0.78313    0.10000    0.00000 
     788    0.75301    0.36592    0.00000 
     789    0.76102    0.22698    0.00000 
     790    0.75301    0.30000    0.00000 
     791    0.75214    0.25564    0.00000 
     792    0.76726    0.11900    0.00000 
     793    0.78313    0.03408    0.00000 
     794    0.75839    0.14766    0.00000 
     795    0.73795    0.33128    0.00000 
     796    0.76807    0.06872    0.00000 
     797    0.74951    0.17631    0.00000 
     798    0.74064    0.20497    0.00000 
     799    0.72581    0.41000    0.00000 
     800    0.75301    0.10000    0.00000 
     801    0.73176    0.23363    0.00000 
     802    0.72347    0.36088    0.00000 
     803    0.72289    0.30000    0.00000 
     804    0.76613    0.00000    0.00000 
     805    0.72289    0.26228    0.00000 
     806    0.73800    0.12564    0.00000 
     807    0.75301    0.03408    0.00000 
     808    0.72913    0.15430    0.00000 
     809    0.70783    0.33128    0.00000 
     810    0.72026    0.18296    0.00000 
     811    0.73795    0.06872    0.00000 
     812    0.71138    0.21161    0.00000 
     813    0.72289    0.10000    0.00000 
     814    0.70251    0.24027    0.00000 
     815    0.69277    0.36592    0.00000 
     816    0.69277    0.30000    0.00000 
     817    0.69363    0.26893    0.00000 
     818    0.70875    0.13228    0.00000 
     819    0.72347    0.04112    0.00000 
     820    0.68548    0.41000    0.00000 
     821    0.69987    0.16094    0.00000 
     822    0.72581    0.00000    0.00000 
     823    0.69100    0.18960    0.00000 
     824    0.67771    0.33128    0.00000 
     825    0.70783    0.06872    0.00000 
     826    0.68189    0.21821    0.00000 
     827    0.69277    0.10000    0.00000 
     828    0.67325    0.24692    0.00000 
     829    0.66354    0.36907    0.00000 
     830    0.66438    0.27555    0.00000 
     831    0.67949    0.13893    0.00000 
     832    0.66265    0.30000    0.00000 
     833    0.67062    0.16759    0.00000 
     834    0.69277    0.03408    0.00000 
     835    0.66128    0.19642    0.00000 
     836    0.67771    0.06872    0.00000 
     837    0.64759    0.33128    0.00000 
     838    0.64516    0.41000    0.00000 
     839    0.65273    0.22517    0.00000 
     840    0.68548    0.00000    0.00000 
     841    0.66265    0.10000    0.00000 
     842    0.64246    0.25684    0.00000 
     843    0.63253    0.36592    0.00000 
     844    0.65024    0.14557    0.00000 
     845    0.63253    0.30000    0.00000 
     846    0.66265    0.03408    0.00000 
     847    0.64759    0.06872    0.00000 
     848    0.62422    0.23316    0.00000 
     849    0.61747    0.33128    0.00000 
     850    0.62532    0.20000    0.00000 
     851    0.62422    0.16684    0.00000 
     852    0.63253    0.10000    0.00000 
     853    0.60484    0.41000    0.00000 
     854    0.60290    0.36088    0.00000 
     855    0.60763    0.26027    0.00000 
     856    0.61060    0.21872    0.00000 
     857    0.64516    0.00000    0.00000 
     858    0.60241    0.30000    0.00000 
     859    0.61039    0.19500    0.00000 
     860    0.60926    0.20474    0.00000 
     861    0.61060    0.18128    0.00000 
     862    0.60441    0.23446    0.00000 
     863    0.61747    0.12598    0.00000 
     864    0.63253    0.03408    0.00000 
     865    0.60000    0.21000    0.00000 
     866    0.60000    0.20000    0.00000 
     867    0.60293    0.16801    0.00000 
     868    0.60000    0.19000    0.00000 
     869    0.61747    0.06872    0.00000 
     870    0.58735    0.33128    0.00000 
     871    0.59499    0.22042    0.00000 
     872    0.59499    0.17958    0.00000 
     873    0.59858    0.14358    0.00000 
     874    0.58997    0.21000    0.00000 
     875    0.58997    0.19000    0.00000 
     876    0.60241    0.10000    0.00000 
     877    0.58450    0.21865    0.00000 
     879    0.58185    0.23383    0.00000 
     880    0.57229    0.36592    0.00000 
     881    0.58522    0.18158    0.00000 
     882    0.58629    0.16875    0.00000 
     883    0.57994    0.21000    0.00000 
     884    0.57229    0.30000    0.00000 
     885    0.57994    0.19000    0.00000 
     886    0.60290    0.04112    0.00000 
     887    0.57573    0.21901    0.00000 
     888    0.56452    0.41000    0.00000 
     890    0.57493    0.17958    0.00000 
     891    0.60484    0.00000    0.00000 
     892    0.56585    0.26536    0.00000 
     893    0.56991    0.21000    0.00000 
     894    0.56991    0.19000    0.00000 
     895    0.58735    0.06872    0.00000 
     896    0.55723    0.33128    0.00000 
     897    0.56490    0.22042    0.00000 
     899    0.56390    0.18076    0.00000 
     900    0.55988    0.21000    0.00000 
     901    0.55738    0.23149    0.00000 
     902    0.57229    0.10000    0.00000 
     903    0.55988    0.19000    0.00000 
     904    0.55537    0.21847    0.00000 
     905    0.55988    0.16461    0.00000 
     907    0.54290    0.36907    0.00000 
     908    0.55487    0.17958    0.00000 
     909    0.54986    0.21000    0.00000 
     910    0.54217    0.30000    0.00000 
     911    0.55694    0.13478    0.00000 
     912    0.54986    0.19000    0.00000 
     913    0.57229    0.03408    0.00000 
     914    0.54484    0.22042    0.00000 
     916    0.54404    0.18099    0.00000 
     917    0.53983    0.21000    0.00000 
     918    0.53983    0.19000    0.00000 
     919    0.55723    0.06872    0.00000 
     920    0.52711    0.33128    0.00000 
     921    0.54063    0.16510    0.00000 
     922    0.53381    0.21924    0.00000 
     923    0.52419    0.41000    0.00000 
     925    0.53582    0.18076    0.00000 
     926    0.52980    0.23539    0.00000 
     927    0.52708    0.26530    0.00000 
     928    0.56452    0.00000    0.00000 
     929    0.52980    0.21000    0.00000 
     930    0.54217    0.10000    0.00000 
     931    0.52980    0.19000    0.00000 
     932    0.52478    0.22042    0.00000 
     934    0.51205    0.36592    0.00000 
     935    0.52478    0.17958    0.00000 
     936    0.52890    0.13589    0.00000 
     937    0.51977    0.21000    0.00000 
     938    0.51205    0.30000    0.00000 
     939    0.51977    0.19000    0.00000 
     940    0.54217    0.03408    0.00000 
     941    0.51977    0.16461    0.00000 
     942    0.51375    0.21924    0.00000 
     944    0.50974    0.23539    0.00000 
     945    0.51475    0.17958    0.00000 
     946    0.50974    0.21000    0.00000 
     947    0.52711    0.06872    0.00000 
     948    0.50974    0.19000    0.00000 
     949    0.50473    0.22042    0.00000 
     950    0.49699    0.33128    0.00000 
     952    0.49880    0.26411    0.00000 
     953    0.50974    0.14307    0.00000 
     954    0.50401    0.18126    0.00000 
     955    0.49971    0.21000    0.00000 
     956    0.51205    0.10000    0.00000 
     957    0.49971    0.19000    0.00000 
     958    0.50014    0.16596    0.00000 
     959    0.49369    0.21924    0.00000 
     960    0.49160    0.23579    0.00000 
     962    0.48387    0.41000    0.00000 
     963    0.49570    0.18076    0.00000 
     964    0.52419    0.00000    0.00000 
     965    0.48232    0.36088    0.00000 
     966    0.48968    0.21000    0.00000 
     967    0.48193    0.30000    0.00000 
     968    0.48968    0.19000    0.00000 
     969    0.51205    0.03408    0.00000 
     970    0.48467    0.22042    0.00000 
     971    0.47965    0.25693    0.00000 
     973    0.49212    0.13589    0.00000 
     974    0.48467    0.17958    0.00000 
     975    0.47965    0.21000    0.00000 
     976    0.49699    0.06872    0.00000 
     977    0.47965    0.19000    0.00000 
     978    0.46687    0.33128    0.00000 
     979    0.47384    0.21901    0.00000 
     980    0.47965    0.16461    0.00000 
     982    0.47564    0.18076    0.00000 
     983    0.46994    0.23404    0.00000 
     984    0.46962    0.21000    0.00000 
     985    0.48193    0.10000    0.00000 
     986    0.46962    0.19000    0.00000 
     987    0.46193    0.26550    0.00000 
     988    0.46561    0.21924    0.00000 
     990    0.46461    0.17958    0.00000 
     991    0.45181    0.36592    0.00000 
     992    0.45960    0.21000    0.00000 
     993    0.48232    0.04112    0.00000 
     994    0.45181    0.30000    0.00000 
     995    0.46683    0.13418    0.00000 
     996    0.45960    0.19000    0.00000 
     997    0.45458    0.22042    0.00000 
     998    0.45960    0.16461    0.00000 
    1000    0.44355    0.41000    0.00000 
    1001    0.48387    0.00000    0.00000 
    1002    0.44957    0.23539    0.00000 
    1003    0.45458    0.17958    0.00000 
    1004    0.44957    0.21000    0.00000 
    1005    0.46687    0.06872    0.00000 
    1006    0.44957    0.19000    0.00000 
    1007    0.44455    0.22042    0.00000 
    1008    0.43675    0.33128    0.00000 
    1010    0.43901    0.26530    0.00000 
    1011    0.44336    0.18207    0.00000 
    1012    0.43954    0.21000    0.00000 
    1013    0.45181    0.10000    0.00000 
    1014    0.43954    0.19000    0.00000 
    1015    0.43352    0.21924    0.00000 
    1017    0.43761    0.17002    0.00000 
    1018    0.43553    0.18076    0.00000 
    1019    0.42951    0.23539    0.00000 
    1020    0.42225    0.36907    0.00000 
    1021    0.42951    0.21000    0.00000 
    1022    0.42169    0.30000    0.00000 
    1023    0.43588    0.13999    0.00000 
    1024    0.42951    0.19000    0.00000 
    1025    0.45181    0.03408    0.00000 
    1026    0.42449    0.22042    0.00000 
    1028    0.41948    0.25693    0.00000 
    1029    0.42449    0.17958    0.00000 
    1030    0.41948    0.21000    0.00000 
    1031    0.43675    0.06872    0.00000 
    1032    0.41948    0.19000    0.00000 
    1033    0.40663    0.33128    0.00000 
    1034    0.41366    0.21901    0.00000 
    1036    0.40323    0.41000    0.00000 
    1037    0.44355    0.00000    0.00000 
    1038    0.40977    0.23404    0.00000 
    1039    0.41362    0.18104    0.00000 
    1040    0.40945    0.21000    0.00000 
    1041    0.42169    0.10000    0.00000 
    1042    0.40945    0.19000    0.00000 
    1043    0.40544    0.21924    0.00000 
    1044    0.40173    0.26550    0.00000 
    1045    0.40945    0.16461    0.00000 
    1047    0.40524    0.18099    0.00000 
    1048    0.39157    0.36592    0.00000 
    1049    0.39942    0.21000    0.00000 
    1050    0.39157    0.30000    0.00000 
    1051    0.42169    0.03408    0.00000 
    1052    0.39942    0.19000    0.00000 
    1053    0.39441    0.22042    0.00000 
    1055    0.39942    0.14307    0.00000 
    1056    0.38939    0.23539    0.00000 
    1057    0.39441    0.17958    0.00000 
    1058    0.38939    0.21000    0.00000 
    1059    0.40663    0.06872    0.00000 
    1060    0.38939    0.19000    0.00000 
    1061    0.38538    0.21924    0.00000 
    1062    0.38939    0.16461    0.00000 
    1063    0.37651    0.33128    0.00000 
    1064    0.37881    0.26530    0.00000 
    1066    0.38538    0.18075    0.00000 
    1067    0.37936    0.21000    0.00000 
    1068    0.39157    0.10000    0.00000 
    1069    0.37936    0.19000    0.00000 
    1070    0.37435    0.22042    0.00000 
    1072    0.40323    0.00000    0.00000 
    1073    0.36290    0.41000    0.00000 
    1074    0.36934    0.23539    0.00000 
    1075    0.37435    0.17958    0.00000 
    1076    0.36174    0.36088    0.00000 
    1077    0.36934    0.21000    0.00000 
    1078    0.36145    0.30000    0.00000 
    1079    0.39157    0.03408    0.00000 
    1080    0.36934    0.19000    0.00000 
    1081    0.37511    0.13422    0.00000 
    1082    0.36532    0.21924    0.00000 
    1084    0.35931    0.25693    0.00000 
    1085    0.36348    0.18104    0.00000 
    1086    0.35931    0.21000    0.00000 
    1087    0.37651    0.06872    0.00000 
    1088    0.35931    0.19000    0.00000 
    1089    0.35429    0.22042    0.00000 
    1090    0.35931    0.16461    0.00000 
    1091    0.34639    0.33128    0.00000 
    1093    0.35510    0.18099    0.00000 
    1094    0.34928    0.23539    0.00000 
    1095    0.34928    0.21000    0.00000 
    1096    0.36145    0.10000    0.00000 
    1097    0.34928    0.19000    0.00000 
    1098    0.34527    0.21924    0.00000 
    1099    0.34153    0.26550    0.00000 
    1101    0.34426    0.17958    0.00000 
    1102    0.34951    0.13304    0.00000 
    1103    0.33133    0.36592    0.00000 
    1104    0.33925    0.21000    0.00000 
    1105    0.36145    0.03408    0.00000 
    1106    0.33133    0.30000    0.00000 
    1107    0.33925    0.19000    0.00000 
    1108    0.33424    0.22042    0.00000 
    1109    0.33925    0.16461    0.00000 
    1111    0.36290    0.00000    0.00000 
    1112    0.33524    0.18075    0.00000 
    1113    0.32258    0.41000    0.00000 
    1114    0.32922    0.23539    0.00000 
    1115    0.32922    0.21000    0.00000 
    1116    0.34639    0.06872    0.00000 
    1117    0.32922    0.19000    0.00000 
    1118    0.32521    0.21924    0.00000 
    1119    0.31627    0.33128    0.00000 
    1121    0.31861    0.26530    0.00000 
    1122    0.32922    0.14307    0.00000 
    1123    0.32421    0.17958    0.00000 
    1124    0.31919    0.21000    0.00000 
    1125    0.33133    0.10000    0.00000 
    1126    0.31919    0.19000    0.00000 
    1127    0.31418    0.22042    0.00000 
    1128    0.31919    0.16461    0.00000 
    1130    0.31518    0.18075    0.00000 
    1131    0.30916    0.23539    0.00000 
    1132    0.30120    0.36592    0.00000 
    1133    0.30916    0.21000    0.00000 
    1134    0.33133    0.03408    0.00000 
    1135    0.30120    0.30000    0.00000 
    1136    0.30916    0.19000    0.00000 
    1137    0.30415    0.22042    0.00000 
    1139    0.29913    0.25693    0.00000 
    1140    0.30520    0.17813    0.00000 
    1141    0.30914    0.13415    0.00000 
    1142    0.29913    0.21000    0.00000 
    1143    0.31627    0.06872    0.00000 
    1144    0.29913    0.19000    0.00000 
    1145    0.29312    0.21924    0.00000 
    1146    0.28614    0.33128    0.00000 
    1147    0.32258    0.00000    0.00000 
    1149    0.28226    0.41000    0.00000 
    1150    0.28911    0.23539    0.00000 
    1151    0.29412    0.17958    0.00000 
    1152    0.29438    0.16383    0.00000 
    1153    0.28911    0.21000    0.00000 
    1154    0.30120    0.10000    0.00000 
    1155    0.28911    0.19000    0.00000 
    1156    0.28409    0.22042    0.00000 
    1158    0.27721    0.26546    0.00000 
    1159    0.28409    0.17958    0.00000 
    1160    0.27108    0.36592    0.00000 
    1161    0.27908    0.21000    0.00000 
    1162    0.30120    0.03408    0.00000 
    1163    0.27108    0.30000    0.00000 
    1164    0.27908    0.19000    0.00000 
    1165    0.27306    0.21924    0.00000 
    1167    0.27952    0.13340    0.00000 
    1168    0.26905    0.23539    0.00000 
    1169    0.27306    0.18075    0.00000 
    1170    0.26905    0.21000    0.00000 
    1171    0.28614    0.06872    0.00000 
    1172    0.26905    0.19000    0.00000 
    1173    0.26905    0.16461    0.00000 
    1174    0.25909    0.27618    0.00000 
    1175    0.25602    0.33128    0.00000 
    1177    0.26155    0.22049    0.00000 
    1178    0.25902    0.21000    0.00000 
    1179    0.26155    0.17951    0.00000 
    1180    0.27108    0.10000    0.00000 
    1181    0.25463    0.25459    0.00000 
    1182    0.25902    0.19000    0.00000 
    1183    0.25318    0.22864    0.00000 
    1184    0.28226    0.00000    0.00000 
    1186    0.24194    0.41000    0.00000 
    1187    0.25909    0.12382    0.00000 
    1188    0.24116    0.36088    0.00000 
    1189    0.25318    0.17136    0.00000 
    1190    0.24899    0.21000    0.00000 
    1191    0.27108    0.03408    0.00000 
    1192    0.24576    0.23920    0.00000 
    1193    0.24096    0.30000    0.00000 
    1194    0.24899    0.19000    0.00000 
    1195    0.24597    0.21966    0.00000 
    1196    0.25177    0.14565    0.00000 
    1197    0.24039    0.26792    0.00000 
    1199    0.24597    0.18034    0.00000 
    1200    0.24107    0.22852    0.00000 
    1201    0.24576    0.16080    0.00000 
    1202    0.23693    0.24761    0.00000 
    1203    0.25602    0.06872    0.00000 
    1206    0.24107    0.17148    0.00000 
    1207    0.23449    0.23620    0.00000 
    1209    0.22590    0.33128    0.00000 
    1211    0.23991    0.13212    0.00000 
    1214    0.23693    0.15239    0.00000 
    1215    0.22659    0.25407    0.00000 
    1216    0.23449    0.16380    0.00000 
    1217    0.22649    0.24241    0.00000 
    1219    0.22412    0.27504    0.00000 
    1220    0.24096    0.10000    0.00000 
    1226    0.22649    0.15759    0.00000 
    1228    0.21741    0.24687    0.00000 
    1230    0.22658    0.14593    0.00000 
    1231    0.21084    0.36592    0.00000 
    1233    0.21515    0.25832    0.00000 
    1234    0.24096    0.03408    0.00000 
    1236    0.21084    0.30000    0.00000 
    1239    0.22412    0.12496    0.00000 
    1241    0.20987    0.27424    0.00000 
    1242    0.24194    0.00000    0.00000 
    1245    0.21741    0.15313    0.00000 
    1247    0.20761    0.24942    0.00000 
    1248    0.20161    0.41000    0.00000 
    1250    0.22590    0.06872    0.00000 
    1252    0.21515    0.14168    0.00000 
    1254    0.20310    0.26018    0.00000 
    1260    0.19578    0.33128    0.00000 
    1262    0.20761    0.15058    0.00000 
    1263    0.19612    0.27769    0.00000 
    1264    0.20987    0.12576    0.00000 
    1265    0.19750    0.24994    0.00000 
    1269    0.21084    0.10000    0.00000 
    1271    0.20310    0.13982    0.00000 
    1274    0.19091    0.25957    0.00000 
    1279    0.19750    0.15006    0.00000 
    1280    0.18750    0.24841    0.00000 
    1283    0.18097    0.36907    0.00000 
    1285    0.21084    0.03408    0.00000 
    1287    0.19612    0.12231    0.00000 
    1288    0.18072    0.30000    0.00000 
    1290    0.18123    0.27268    0.00000 
    1293    0.19091    0.14043    0.00000 
    1295    0.17910    0.25652    0.00000 
    1297    0.18750    0.15159    0.00000 
    1298    0.17800    0.24490    0.00000 
    1301    0.19578    0.06872    0.00000 
    1306    0.20161    0.00000    0.00000 
    1308    0.16566    0.33128    0.00000 
    1309    0.18123    0.12732    0.00000 
    1310    0.17800    0.15510    0.00000 
    1311    0.17910    0.14348    0.00000 
    1312    0.16941    0.23955    0.00000 
    1314    0.16815    0.25115    0.00000 
    1317    0.16129    0.41000    0.00000 
    1319    0.18072    0.10000    0.00000 
    1320    0.16393    0.27280    0.00000 
    1323    0.16941    0.16045    0.00000 
    1325    0.16207    0.23258    0.00000 
    1326    0.16815    0.14885    0.00000 
    1328    0.15850    0.24369    0.00000 
    1330    0.18072    0.03408    0.00000 
    1332    0.15060    0.36592    0.00000 
    1333    0.16207    0.16742    0.00000 
    1334    0.15408    0.25938    0.00000 
    1336    0.15629    0.22428    0.00000 
    1337    0.15060    0.30000    0.00000 
    1338    0.16393    0.12720    0.00000 
    1339    0.15850    0.15631    0.00000 
    1340    0.15629    0.17573    0.00000 
    1341    0.15230    0.21497    0.00000 
    1342    0.15055    0.23444    0.00000 
    1343    0.15230    0.18503    0.00000 
    1344    0.15026    0.20506    0.00000 
    1345    0.16566    0.06872    0.00000 
    1346    0.15026    0.19494    0.00000 
    1347    0.15408    0.14062    0.00000 
    1348    0.15055    0.16557    0.00000 
    1349    0.14306    0.24891    0.00000 
    1350    0.14463    0.22377    0.00000 
    1351    0.13554    0.33128    0.00000 
    1352    0.13783    0.27329    0.00000 
    1353    0.14463    0.17623    0.00000 
    1354    0.14098    0.21213    0.00000 
    1355    0.14098    0.18787    0.00000 
    1356    0.13975    0.20000    0.00000 
    1357    0.15060    0.10000    0.00000 
    1358    0.14306    0.15109    0.00000 
    1359    0.13293    0.23719    0.00000 
    1360    0.16129    0.00000    0.00000 
    1361    0.12097    0.41000    0.00000 
    1362    0.13783    0.12671    0.00000 
    1363    0.15060    0.03408    0.00000 
    1364    0.13315    0.16288    0.00000 
    1365    0.12058    0.36088    0.00000 
    1366    0.12705    0.22290    0.00000 
    1367    0.12048    0.30000    0.00000 
    1368    0.12838    0.17752    0.00000 
    1369    0.12532    0.20760    0.00000 
    1370    0.12088    0.25510    0.00000 
    1371    0.12393    0.19226    0.00000 
    1372    0.13554    0.06872    0.00000 
    1373    0.11175    0.27684    0.00000 
    1374    0.12088    0.14490    0.00000 
    1375    0.11141    0.23804    0.00000 
    1376    0.10542    0.33128    0.00000 
    1377    0.12048    0.10000    0.00000 
    1378    0.11141    0.16196    0.00000 
    1379    0.10556    0.21942    0.00000 
    1380    0.10556    0.18058    0.00000 
    1381    0.11175    0.12316    0.00000 
    1382    0.10359    0.20000    0.00000 
    1383    0.12048    0.03408    0.00000 
    1384    0.09036    0.36592    0.00000 
    1385    0.09343    0.25918    0.00000 
    1386    0.09036    0.30000    0.00000 
    1387    0.12097    0.00000    0.00000 
    1388    0.10542    0.06872    0.00000 
    1389    0.08065    0.41000    0.00000 
    1390    0.09343    0.14082    0.00000 
    1391    0.08370    0.23651    0.00000 
    1392    0.07530    0.33128    0.00000 
    1393    0.08370    0.16349    0.00000 
    1394    0.07873    0.21234    0.00000 
    1395    0.09036    0.10000    0.00000 
    1396    0.07873    0.18766    0.00000 
    1397    0.09036    0.03408    0.00000 
    1398    0.06469    0.25810    0.00000 
    1399    0.06024    0.36592    0.00000 
    1400    0.06024    0.30000    0.00000 
    1401    0.07530    0.06872    0.00000 
    1402    0.06469    0.14190    0.00000 
    1403    0.05576    0.22966    0.00000 
    1404    0.08065    0.00000    0.00000 
    1405    0.05576    0.17035    0.00000 
    1406    0.05275    0.20000    0.00000 
    1407    0.04518    0.27402    0.00000 
    1408    0.06024    0.10000    0.00000 
    1409    0.04032    0.41000    0.00000 
    1410    0.03765    0.33337    0.00000 
    1411    0.04518    0.12598    0.00000 
    1412    0.03012    0.30000    0.00000 
    1413    0.05405    0.03478    0.00000 
    1414    0.02598    0.25714    0.00000 
    1415    0.02598    0.22857    0.00000 
    1416    0.02598    0.20000    0.00000 
    1417    0.02598    0.17143    0.00000 
    1418    0.03765    0.06825    0.00000 
    1419    0.02598    0.14286    0.00000 
    1420    0.03012    0.10000    0.00000 
    1421    0.04032    0.00000    0.00000 
    1422    0.00000    0.41000    0.00000 
    1423    0.00000    0.36918    0.00000 
    1424    0.00000    0.33383    0.00000 
    1425    0.00000    0.30000    0.00000 
    1426    0.00000    0.27143    0.00000 
    1427    0.00000    0.24286    0.00000 
    1428    0.00000    0.21429    0.00000 
    1429    0.00000    0.18571    0.00000 
    1430    0.00000    0.15714    0.00000 
    1431    0.00000    0.12857    0.00000 
    1432    0.00000    0.10000    0.00000 
    1433    0.00000    0.06910    0.00000 
    1434    0.00000    0.03761    0.00000 
    1435    0.00000    0.00000    0.00000