    865 0.0  0.0  0.0  
     866 0.0  0.0  0.0  
     868 0.0  0.0  0.0  
     874 0.0  0.0  0.0  
     875 0.0  0.0  0.0  
     883 0.0  0.0  0.0  
     885 0.0  0.0  0.0  
     893 0.0  0.0  0.0  
     894 0.0  0.0  0.0  
     900 0.0  0.0  0.0  
     903 0.0  0.0  0.0  
     909 0.0  0.0  0.0  
     912 0.0  0.0  0.0  
     917 0.0  0.0  0.0  
     918 0.0  0.0  0.0  
     929 0.0  0.0  0.0  
     931 0.0  0.0  0.0  
     937 0.0  0.0  0.0  
     939 0.0  0.0  0.0  
     946 0.0  0.0  0.0  
     948 0.0  0.0  0.0  
     955 0.0  0.0  0.0  
     957 0.0  0.0  0.0  
     966 0.0  0.0  0.0  
     968 0.0  0.0  0.0  
     975 0.0  0.0  0.0  
     977 0.0  0.0  0.0  
     984 0.0  0.0  0.0  
     986 0.0  0.0  0.0  
     992 0.0  0.0  0.0  
     996 0.0  0.0  0.0  
    1004 0.0  0.0  0.0  
    1006 0.0  0.0  0.0  
    1012 0.0  0.0  0.0  
    1014 0.0  0.0  0.0  
    1021 0.0  0.0  0.0  
    1024 0.0  0.0  0.0  
    1030 0.0  0.0  0.0  
    1032 0.0  0.0  0.0  
    1040 0.0  0.0  0.0  
    1042 0.0  0.0  0.0  
    1049 0.0  0.0  0.0  
    1052 0.0  0.0  0.0  
    1058 0.0  0.0  0.0  
    1060 0.0  0.0  0.0  
    1067 0.0  0.0  0.0  
    1069 0.0  0.0  0.0  
    1077 0.0  0.0  0.0  
    1080 0.0  0.0  0.0  
    1086 0.0  0.0  0.0  
    1088 0.0  0.0  0.0  
    1095 0.0  0.0  0.0  
    1097 0.0  0.0  0.0  
    1104 0.0  0.0  0.0  
    1107 0.0  0.0  0.0  
    1115 0.0  0.0  0.0  
    1117 0.0  0.0  0.0  
    1124 0.0  0.0  0.0  
    1126 0.0  0.0  0.0  
    1133 0.0  0.0  0.0  
    1136 0.0  0.0  0.0  
    1142 0.0  0.0  0.0  
    1144 0.0  0.0  0.0  
    1153 0.0  0.0  0.0  
    1155 0.0  0.0  0.0  
    1161 0.0  0.0  0.0  
    1164 0.0  0.0  0.0  
    1170 0.0  0.0  0.0  
    1172 0.0  0.0  0.0  
    1178 0.0  0.0  0.0  
    1182 0.0  0.0  0.0  
    1190 0.0  0.0  0.0  
    1194 0.0  0.0  0.0  