    3334 2.0  0.0  1.0  
    3335 2.0  0.0  1.0  
    3336 2.0  0.0  1.0  
    3337 2.0  0.0  1.0  
    3338 2.0  0.0  1.0  
    3339 2.0  0.0  1.0  
    3341 2.0  0.0  1.0  
    3342 2.0  0.0  1.0  
    3343 2.0  0.0  1.0  
    3345 2.0  0.0  1.0  
    3347 2.0  0.0  1.0  
    3349 2.0  0.0  1.0  
    3350 2.0  0.0  1.0  
    3351 2.0  0.0  1.0  
    3353 2.0  0.0  1.0  
    3354 2.0  0.0  1.0  
    3355 2.0  0.0  1.0  
    3358 2.0  0.0  1.0  
    3360 2.0  0.0  1.0  
    3361 2.0  0.0  1.0  
    3363 2.0  0.0  1.0  
    3364 2.0  0.0  1.0  
    3365 2.0  0.0  1.0  
    3366 2.0  0.0  1.0  
    3367 2.0  0.0  1.0  
    3368 2.0  0.0  1.0  
    3369 2.0  0.0  1.0  
    3370 2.0  0.0  1.0  