       1 
       2 
       5 
       9 
      13 
      19 
      23 
      29 
      38 
      46 
      58 
      71 
      83 
      95 
     111 
     128 
     144 
     161 
     179 
     200 
     219 
     244 
     268 
     290 
     319 
     342 
     364 
     394 
     401 
     403 
     406 
     409 
     415 
     422 
     425 
     427 
     432 
     437 
     450 
     453 
     455 
     462 
     475 
     478 
     484 
     493 
     501 
     507 
     517 
     523 
     532 
     542 
     545 
     554 
     565 
     566 
     581 
     589 
     592 
     608 
     613 
     620 
     632 
     635 
     650 
     656 
     667 
     677 
     681 
     694 
     697 
     709 
     718 
     726 
     739 
     743 
     758 
     762 
     772 
     780 
     791 
     799 
     806 
     821 
     824 
     836 
     840 
     851 
     859 
     867 
     878 
     882 
     897 
     901 
     917 
     918 
     932 
     936 
     950 
     955 
     967 
     972 
     982 
     992 
     998 
    1010 
    1015 
    1029 
    1031 
    1048 
    1050 
    1062 
    1065 
    1077 
    1087 
    1093 
    1103 
    1110 
    1122 
    1127 
    1141 
    1145 
    1161 
    1164 
    1178 
    1181 
    1197 
    1201 
    1216 
    1217 
    1230 
    1233 
    1249 
    1253 
    1265 
    1274 
    1285 
    1294 
    1302 
    1313 
    1320 
    1333 
    1336 
    1350 
    1356 
    1370 
    1373 
    1388 
    1391 
    1405 
    1406 
    1424 
    1425 
    1441 
    1445 
    1460 
    1466 
    1479 
    1483 
    1496 
    1502 
    1513 
    1520 
    1531 
    1539 
    1548 
    1557 
    1565 
    1575 
    1582 
    1595 
    1603 
    1615 
    1620 
    1633 
    1638 
    1650 
    1657 
    1671 
    1675 
    1688 
    1692 
    1707 
    1710 
    1728 
    1729 
    1745 
    1746 
    1764 
    1766 
    1783 
    1785 
    1800 
    1802 
    1816 
    1818 
    1834 
    1837 
    1852 
    1856 
    1870 
    1875 
    1887 
    1892 
    1904 
    1909 
    1919 
    1930 
    1940 
    1946 
    1957 
    1967 
    1975 
    1984 
    1994 
    2003 
    2011 
    2021 
    2028 
    2042 
    2047 
    2059 
    2065 
    2078 
    2083 
    2098 
    2102 
    2117 
    2122 
    2134 
    2139 
    2155 
    2159 
    2172 
    2175 
    2190 
    2193 
    2207 
    2210 
    2225 
    2228 
    2243 
    2246 
    2262 
    2265 
    2281 
    2282 
    2298 
    2299 
    2316 
    2317 
    2337 
    2338 
    2359 
    2360 
    2381 
    2384 
    2406 
    2408 
    2430 
    2433 
    2453 
    2457 
    2476 
    2481 
    2500 
    2504 
    2524 
    2528 
    2547 
    2552 
    2570 
    2575 
    2594 
    2599 
    2617 
    2623 
    2641 
    2648 
    2665 
    2674 
    2690 
    2698 
    2713 
    2720 
    2737 
    2747 
    2761 
    2772 
    2785 
    2797 
    2813 
    2823 
    2838 
    2849 
    2864 
    2876 
    2888 
    2901 
    2915 
    2929 
    2945 
    2960 
    2975 
    2992 
    3011 
    3030 
    3044 
    3063 
    3081 
    3099 
    3114 
    3131 
    3145 
    3166 
    3175 
    3190 
    3195 
    3209 
    3215 
    3222 
    3230 
    3243 
    3250 
    3258 
    3266 
    3275 
    3286 
    3298 
    3303 
    3319 
    3321 
    3334 
    3344 
    3362 
    3370 