       1   2928  2931    2947

       2   3138  3142    3120

       3   3000  2984    2991

       4   3014  3033    3025

       5   3129  3118    3111

       6   2954  2969    2972

       7   3153  3151    3134

       8   2946  2938    2956

       9   3088  3101    3083

      10   3072  3051    3058

      11   2936  2944    2955

      12   3150  3152    3130

      13   2971  2957    2978

      14   3049  3069    3056

      15   3104  3092    3091

      16   2980  2996    2998

      17   3115  3128    3110

      18   3144  3140    3122

      19   3038  3019    3029

      20   2931  2936    2955

      21   3142  3150    3130

      22   2984  2971    2991

      23   3033  3049    3056

      24   3118  3104    3091

      25   2969  2980    2972

      26   3151  3144    3134

      27   2938  2933    2956

      28   3101  3115    3110

      29   3051  3038    3029

      30   2944  2954    2972

      31   3152  3153    3134

      32   2957  2946    2956

      33   3069  3088    3056

      34   3092  3072    3091

      35   2996  3014    2998

      36   3128  3138    3110

      37   3140  3129    3122

      38   3019  3000    3029

      39   2912  2928    2922

      40   2933  2916    2922

      41   2883  2900    2891

      42   2900  2912    2907

      43   2916  2902    2907

      44   2902  2886    2891

      45   2857  2872    2865

      46   2872  2883    2878

      47   2886  2874    2878

      48   2874  2859    2865

      49   2842  2857    2850

      50   2859  2846    2850

      51   2812  2827    2820

      52   2827  2842    2835

      53   2846  2830    2835

      54   2830  2815    2820

      55   2796  2812    2807

      56   2815  2800    2807

      57   2947  2931    2955

      58   3083  3101    3110

      59   3111  3118    3091

      60   2978  2957    2956

      61   2955  2944    2972

      62   3120  3142    3130

      63   3058  3051    3029

      64   3025  3033    3056

      65   3130  3152    3134

      66   2928  2947    2941

      67   3088  3083    3056

      68   3129  3111    3122

      69   2971  2978    2991

      70   3000  2991    3029

      71   3138  3120    3110

      72   3072  3058    3091

      73   3144  3122    3134

      74   3014  3025    2998

      75   2980  2998    2972

      76   2781  2796    2790

      77   2800  2783    2790

      78   2766  2781    2774

      79   2783  2768    2774

      80   2922  2928    2941

      81   2912  2922    2907

      82   2907  2922    2916

      83   2751  2766    2760

      84   2768  2754    2760

      85   2900  2907    2891

      86   2891  2907    2902

      87   2736  2751    2744

      88   2754  2739    2744

      89   2718  2736    2730

      90   2739  2722    2730

      91   2883  2891    2878

      92   2878  2891    2886

      93   2705  2718    2714

      94   2722  2708    2714

      95   2872  2878    2865

      96   2865  2878    2874

      97   2857  2865    2850

      98   2850  2865    2859

      99   2689  2705    2699

     100   2708  2693    2699

     101   2842  2850    2835

     102   2835  2850    2846

     103   2827  2835    2820

     104   2820  2835    2830

     105   2812  2820    2807

     106   2807  2820    2815

     107   2796  2807    2790

     108   2790  2807    2800

     109   2673  2689    2683

     110   2693  2676    2683

     111   2941  2947    2961

     112   2781  2790    2774

     113   2774  2790    2783

     114   2766  2774    2760

     115   2760  2774    2768

     116   2922  2941    2933

     117   2751  2760    2744

     118   2744  2760    2754

     119   2736  2744    2730

     120   2730  2744    2739

     121   2658  2673    2666

     122   2676  2659    2666

     123   2718  2730    2714

     124   2714  2730    2722

     125   2705  2714    2699

     126   2699  2714    2708

     127   2689  2699    2683

     128   2683  2699    2693

     129   2673  2683    2666

     130   2666  2683    2676

     131   2961  2947    2966

     132   2941  2961    2958

     133   2640  2658    2651

     134   2659  2644    2651

     135   2658  2666    2651

     136   2651  2666    2659

     137   2966  2947    2955

     138   2961  2966    2983

     139   2958  2961    2977

     140   2941  2958    2933

     141   2640  2651    2634

     142   2357  2355    2372

     143   2983  2966    2987

     144   2977  2961    2983

     145   2634  2651    2644

     146   2987  2966    2955

     147   2983  2987    3004

     148   3004  2987    3009

     149   2983  3004    2999

     150   3009  2987    2990

     151   3004  3009    3027

     152   2999  3004    3023

     153   2990  2987    2955

     154   3004  3027    3023

     155   3023  3027    3043

     156   3043  3027    3048

     157   3023  3043    3040

     158   3048  3027    3032

     159   3043  3048    3067

     160   3040  3043    3061

     161   3032  3027    3009

     162   3067  3048    3073

     163   3043  3067    3061

     164   3073  3048    3052

     165   3067  3073    3093

     166   3061  3067    3086

     167   3052  3048    3032

     168   3073  3052    3076

     169   3093  3073    3097

     170   3086  3067    3093

     171   3076  3052    3059

     172   3093  3097    3112

     173   3059  3052    3039

     174   3076  3059    3083

     175   3112  3097    3120

     176   3112  3120    3130

     177   3039  3052    3032

     178   3039  3032    3015

     179   3015  3032    3009

     180   3039  3015    3025

     181   3015  3009    2990

     182   3015  2990    2998

     183   3097  3073    3076

     184   3097  3076    3110

     185   2983  2999    2977

     186   3059  3039    3056

     187   3059  3056    3083

     188   3023  3040    3018

     189   3018  3040    3036

     190   3023  3018    2999

     191   3036  3040    3057

     192   2999  3018    2994

     193   3057  3040    3061

     194   3036  3057    3050

     195   2994  3018    3013

     196   3057  3061    3080

     197   3050  3057    3074

     198   3013  3018    3036

     199   2994  3013    2988

     200   3080  3061    3086

     201   3074  3057    3080

     202   3013  3036    3031

     203   2988  3013    3007

     204   3074  3080    3098

     205   3031  3036    3050

     206   3007  3013    3031

     207   2988  3007    2978

     208   3098  3080    3102

     209   3031  3050    3047

     210   3102  3080    3086

     211   3098  3102    3122

     212   3047  3050    3070

     213   3031  3047    3029

     214   3070  3050    3074

     215   3047  3070    3058

     216   3047  3058    3029

     217   3070  3074    3096

     218   3096  3074    3098

     219   3070  3096    3091

     220   3096  3098    3111

     221   3096  3111    3091

     222   2999  2994    2977

     223   2994  2988    2973

     224   2973  2988    2978

     225   2994  2973    2977

     226   2977  2973    2958

     227   3086  3093    3107

     228   3107  3093    3112

     229   3086  3107    3102

     230   3107  3112    3130

     231   3102  3107    3134

     232   2355  2351    2368

     233   2640  2634    2624

     234   3007  3031    3029

     235   2624  2634    2618

     236   2618  2634    2626

     237   2624  2618    2611

     238   2644  2626    2634

     239   2386  2372    2377

     240   2377  2372    2355

     241   2386  2377    2396

     242   2396  2377    2383

     243   2386  2396    2404

     244   2611  2618    2601

     245   2601  2618    2612

     246   2611  2601    2592

     247   2404  2396    2409

     248   2409  2396    2400

     249   2404  2409    2419

     250   2480  2497    2492

     251   2492  2497    2507

     252   2480  2492    2474

     253   2507  2497    2514

     254   2492  2507    2499

     255   2474  2492    2483

     256   2480  2474    2466

     257   2507  2514    2522

     258   2522  2514    2527

     259   2507  2522    2516

     260   2466  2474    2459

     261   2459  2474    2468

     262   2466  2459    2449

     263   2516  2499    2507

     264   2416  2431    2426

     265   2426  2431    2442

     266   2416  2426    2409

     267   2442  2431    2449

     268   2426  2442    2434

     269   2442  2449    2459

     270   2545  2561    2556

     271   2556  2561    2568

     272   2545  2556    2538

     273   2568  2561    2576

     274   2556  2568    2563

     275   2538  2556    2548

     276   2545  2538    2527

     277   2568  2576    2587

     278   2587  2576    2592

     279   2568  2587    2579

     280   2527  2538    2522

     281   2579  2563    2568

     282   2452  2434    2442

     283   2383  2400    2396

     284   2612  2596    2601

     285   2483  2468    2474

     286   2548  2530    2538

     287   2368  2383    2377

     288   2626  2612    2618

     289   2499  2483    2492

     290   2563  2548    2556

     291   2434  2419    2426

     292   2400  2416    2409

     293   2596  2579    2587

     294   2468  2452    2459

     295   2530  2516    2522

     296   2592  2601    2587

     297   2419  2409    2426

     298   2958  2973    2956

     299   2956  2973    2978

     300   3070  3091    3058

     301   2442  2459    2452

     302   2522  2538    2530

     303   2587  2601    2596

     304   3076  3083    3110

     305   3097  3110    3120

     306   3039  3025    3056

     307   2368  2377    2355

     308   2958  2956    2933

     309   3130  3134    3107

     310   2998  3025    3015

     311   2955  2972    2990

     312   2990  2972    2998

     313   3029  2991    3007

     314   3007  2991    2978

     315   3122  3111    3098

     316   3134  3122    3102