    2351 0.0  0.0  0.0  
    2355 0.0  0.0  0.0  
    2357 0.0  0.0  0.0  
    2368 0.0  0.0  0.0  
    2372 0.0  0.0  0.0  
    2383 0.0  0.0  0.0  
    2386 0.0  0.0  0.0  
    2400 0.0  0.0  0.0  
    2404 0.0  0.0  0.0  
    2416 0.0  0.0  0.0  
    2419 0.0  0.0  0.0  
    2431 0.0  0.0  0.0  
    2434 0.0  0.0  0.0  
    2449 0.0  0.0  0.0  
    2452 0.0  0.0  0.0  
    2466 0.0  0.0  0.0  
    2468 0.0  0.0  0.0  
    2480 0.0  0.0  0.0  
    2483 0.0  0.0  0.0  
    2497 0.0  0.0  0.0  
    2499 0.0  0.0  0.0  
    2514 0.0  0.0  0.0  
    2516 0.0  0.0  0.0  
    2527 0.0  0.0  0.0  
    2530 0.0  0.0  0.0  
    2545 0.0  0.0  0.0  
    2548 0.0  0.0  0.0  
    2561 0.0  0.0  0.0  
    2563 0.0  0.0  0.0  
    2576 0.0  0.0  0.0  
    2579 0.0  0.0  0.0  
    2592 0.0  0.0  0.0  
    2596 0.0  0.0  0.0  
    2611 0.0  0.0  0.0  
    2612 0.0  0.0  0.0  
    2624 0.0  0.0  0.0  
    2626 0.0  0.0  0.0  
    2640 0.0  0.0  0.0  
    2644 0.0  0.0  0.0  
    2658 0.0  0.0  0.0  
    2659 0.0  0.0  0.0  
    2673 0.0  0.0  0.0  
    2676 0.0  0.0  0.0  
    2689 0.0  0.0  0.0  
    2693 0.0  0.0  0.0  
    2705 0.0  0.0  0.0  
    2708 0.0  0.0  0.0  
    2718 0.0  0.0  0.0  
    2722 0.0  0.0  0.0  
    2736 0.0  0.0  0.0  
    2739 0.0  0.0  0.0  
    2751 0.0  0.0  0.0  
    2754 0.0  0.0  0.0  
    2766 0.0  0.0  0.0  
    2768 0.0  0.0  0.0  
    2781 0.0  0.0  0.0  
    2783 0.0  0.0  0.0  
    2796 0.0  0.0  0.0  
    2800 0.0  0.0  0.0  
    2812 0.0  0.0  0.0  
    2815 0.0  0.0  0.0  
    2827 0.0  0.0  0.0  
    2830 0.0  0.0  0.0  
    2842 0.0  0.0  0.0  
    2846 0.0  0.0  0.0  
    2857 0.0  0.0  0.0  
    2859 0.0  0.0  0.0  
    2872 0.0  0.0  0.0  
    2874 0.0  0.0  0.0  
    2883 0.0  0.0  0.0  
    2886 0.0  0.0  0.0  
    2900 0.0  0.0  0.0  
    2902 0.0  0.0  0.0  
    2912 0.0  0.0  0.0  
    2916 0.0  0.0  0.0  
    2928 0.0  0.0  0.0  
    2933 0.0  0.0  0.0  