       1    2.50000    0.41000    0.00000 
       2    2.40231    0.41000    0.00000 
       3    2.50000    0.30750    0.00000 
       4    2.35347    0.32340    0.00000 
       5    2.41017    0.24428    0.00000 
       6    2.30463    0.41000    0.00000 
       7    2.50000    0.20500    0.00000 
       8    2.25578    0.32340    0.00000 
       9    2.32349    0.20759    0.00000 
      10    2.41303    0.14179    0.00000 
      11    2.20694    0.41000    0.00000 
      12    2.50000    0.10250    0.00000 
      13    2.21104    0.21213    0.00000 
      14    2.15810    0.32340    0.00000 
      15    2.34223    0.09139    0.00000 
      16    2.26033    0.10405    0.00000 
      17    2.10926    0.41000    0.00000 
      18    2.50000    0.00000    0.00000 
      19    2.40231    0.00000    0.00000 
      20    2.10868    0.21226    0.00000 
      21    2.06334    0.32340    0.00000 
      22    2.30463    0.00000    0.00000 
      23    2.15988    0.10208    0.00000 
      24    2.01743    0.41000    0.00000 
      25    2.20694    0.00000    0.00000 
      26    1.97674    0.32549    0.00000 
      27    2.06097    0.10148    0.00000 
      28    1.99383    0.21001    0.00000 
      29    1.93605    0.41000    0.00000 
      30    2.10926    0.00000    0.00000 
      31    1.97674    0.08451    0.00000 
      32    1.88120    0.33921    0.00000 
      33    2.01743    0.00000    0.00000 
      34    1.86479    0.41000    0.00000 
      35    1.88087    0.24725    0.00000 
      36    1.87977    0.15375    0.00000 
      37    1.81386    0.35211    0.00000 
      38    1.81489    0.29040    0.00000 
      39    1.80303    0.41000    0.00000 
      40    1.93605    0.00000    0.00000 
      41    1.88121    0.06946    0.00000 
      42    1.79724    0.23575    0.00000 
      43    1.80323    0.17937    0.00000 
      44    1.81589    0.12045    0.00000 
      45    1.75000    0.41000    0.00000 
      46    1.75000    0.35875    0.00000 
      47    1.86479    0.00000    0.00000 
      48    1.75000    0.30750    0.00000 
      49    1.75000    0.25625    0.00000 
      50    1.81402    0.05803    0.00000 
      51    1.75000    0.20500    0.00000 
      52    1.75000    0.15375    0.00000 
      53    1.70064    0.41000    0.00000 
      54    1.70264    0.32523    0.00000 
      55    1.80303    0.00000    0.00000 
      56    1.75000    0.10250    0.00000 
      57    1.70459    0.24051    0.00000 
      58    1.69207    0.28250    0.00000 
      59    1.68075    0.36600    0.00000 
      60    1.75000    0.05125    0.00000 
      61    1.70554    0.15463    0.00000 
      62    1.67981    0.19729    0.00000 
      63    1.65129    0.41000    0.00000 
      64    1.65334    0.32530    0.00000 
      65    1.75000    0.00000    0.00000 
      66    1.69397    0.11495    0.00000 
      67    1.70670    0.07688    0.00000 
      68    1.65530    0.24066    0.00000 
      69    1.62661    0.36670    0.00000 
      70    1.62859    0.28206    0.00000 
      71    1.65573    0.15433    0.00000 
      72    1.63051    0.19745    0.00000 
      73    1.68119    0.04297    0.00000 
      74    1.60193    0.41000    0.00000 
      75    1.70064    0.00000    0.00000 
      76    1.60406    0.32542    0.00000 
      77    1.65189    0.08639    0.00000 
      78    1.60604    0.24084    0.00000 
      79    1.57725    0.36670    0.00000 
      80    1.57929    0.28221    0.00000 
      81    1.60578    0.15422    0.00000 
      82    1.65129    0.00000    0.00000 
      83    1.58130    0.19759    0.00000 
      84    1.62661    0.04330    0.00000 
      85    1.55257    0.41000    0.00000 
      86    1.55484    0.32561    0.00000 
      87    1.60193    0.08660    0.00000 
      88    1.55677    0.24095    0.00000 
      89    1.52789    0.36670    0.00000 
      90    1.55583    0.15462    0.00000 
      91    1.53004    0.28244    0.00000 
      92    1.60193    0.00000    0.00000 
      93    1.53219    0.19759    0.00000 
      94    1.57725    0.04330    0.00000 
      95    1.50321    0.41000    0.00000 
      96    1.50570    0.32587    0.00000 
      97    1.54341    0.09759    0.00000 
      98    1.50742    0.24084    0.00000 
      99    1.47853    0.36670    0.00000 
     100    1.50607    0.15524    0.00000 
     101    1.48090    0.28273    0.00000 
     102    1.55257    0.00000    0.00000 
     103    1.48310    0.19727    0.00000 
     104    1.52789    0.04330    0.00000 
     105    1.45386    0.41000    0.00000 
     106    1.45666    0.32619    0.00000 
     107    1.49151    0.10246    0.00000 
     108    1.45784    0.24030    0.00000 
     109    1.42918    0.36670    0.00000 
     110    1.45659    0.15549    0.00000 
     111    1.43201    0.28299    0.00000 
     112    1.50321    0.00000    0.00000 
     113    1.47853    0.04330    0.00000 
     114    1.43329    0.19958    0.00000 
     115    1.40771    0.32639    0.00000 
     116    1.40450    0.41000    0.00000 
     117    1.43827    0.11824    0.00000 
     118    1.40795    0.23962    0.00000 
     119    1.41581    0.16277    0.00000 
     120    1.37982    0.36670    0.00000 
     121    1.38363    0.28285    0.00000 
     122    1.45386    0.00000    0.00000 
     123    1.39209    0.20663    0.00000 
     124    1.41218    0.07751    0.00000 
     125    1.42564    0.03070    0.00000 
     126    1.35869    0.32590    0.00000 
     127    1.35514    0.41000    0.00000 
     128    1.38851    0.12151    0.00000 
     129    1.36802    0.16689    0.00000 
     130    1.35640    0.22147    0.00000 
     131    1.40450    0.00000    0.00000 
     132    1.33089    0.36670    0.00000 
     133    1.33529    0.28190    0.00000 
     134    1.37916    0.03271    0.00000 
     135    1.36224    0.07914    0.00000 
     136    1.30665    0.41000    0.00000 
     137    1.33866    0.12256    0.00000 
     138    1.30550    0.32279    0.00000 
     139    1.31664    0.16641    0.00000 
     140    1.35514    0.00000    0.00000 
     141    1.28296    0.36670    0.00000 
     142    1.29500    0.21944    0.00000 
     143    1.33089    0.04330    0.00000 
     144    1.31463    0.07939    0.00000 
     145    1.25927    0.41000    0.00000 
     146    1.29251    0.12369    0.00000 
     147    1.26561    0.27215    0.00000 
     148    1.25955    0.32340    0.00000 
     149    1.26687    0.16634    0.00000 
     150    1.30665    0.00000    0.00000 
     151    1.23615    0.36670    0.00000 
     152    1.28296    0.04330    0.00000 
     153    1.24295    0.20994    0.00000 
     154    1.26666    0.08146    0.00000 
     155    1.21303    0.41000    0.00000 
     156    1.21349    0.31198    0.00000 
     157    1.23799    0.12627    0.00000 
     158    1.20930    0.25620    0.00000 
     159    1.25927    0.00000    0.00000 
     160    1.19050    0.36670    0.00000 
     161    1.23615    0.04330    0.00000 
     162    1.20205    0.17481    0.00000 
     163    1.21359    0.08458    0.00000 
     164    1.16797    0.41000    0.00000 
     165    1.16827    0.32340    0.00000 
     166    1.16504    0.27534    0.00000 
     167    1.18196    0.12657    0.00000 
     168    1.16305    0.22712    0.00000 
     169    1.21303    0.00000    0.00000 
     170    1.14605    0.36670    0.00000 
     171    1.19050    0.04330    0.00000 
     172    1.16827    0.08660    0.00000 
     173    1.12412    0.41000    0.00000 
     174    1.12474    0.31357    0.00000 
     175    1.12918    0.18450    0.00000 
     176    1.11926    0.24784    0.00000 
     177    1.16797    0.00000    0.00000 
     178    1.10281    0.36670    0.00000 
     179    1.14714    0.04595    0.00000 
     180    1.12918    0.10250    0.00000 
     181    1.08588    0.32800    0.00000 
     182    1.08150    0.41000    0.00000 
     183    1.08588    0.28700    0.00000 
     184    1.08588    0.20500    0.00000 
     185    1.07660    0.24842    0.00000 
     186    1.12412    0.00000    0.00000 
     187    1.08588    0.12300    0.00000 
     188    1.07722    0.16810    0.00000 
     189    1.10281    0.04330    0.00000 
     190    1.05041    0.35989    0.00000 
     191    1.08588    0.08200    0.00000 
     192    1.04012    0.41000    0.00000 
     193    1.04258    0.30750    0.00000 
     194    1.04258    0.26650    0.00000 
     195    1.04258    0.22550    0.00000 
     196    1.04258    0.18450    0.00000 
     197    1.08150    0.00000    0.00000 
     198    1.04258    0.14350    0.00000 
     199    1.04258    0.10250    0.00000 
     200    1.05041    0.05011    0.00000 
     201    1.00000    0.41000    0.00000 
     202    1.00000    0.36900    0.00000 
     203    1.00000    0.32800    0.00000 
     204    1.00000    0.28700    0.00000 
     205    1.00000    0.24600    0.00000 
     206    1.00000    0.20500    0.00000 
     207    1.04012    0.00000    0.00000 
     208    1.00000    0.16400    0.00000 
     209    1.00000    0.12300    0.00000 
     210    1.00000    0.08200    0.00000 
     211    0.96085    0.35527    0.00000 
     212    0.96277    0.31532    0.00000 
     213    0.95828    0.41000    0.00000 
     214    1.00000    0.04100    0.00000 
     215    0.96883    0.17012    0.00000 
     216    0.96181    0.20950    0.00000 
     217    0.95476    0.24887    0.00000 
     218    1.00000    0.00000    0.00000 
     219    0.92721    0.33363    0.00000 
     220    0.92529    0.37358    0.00000 
     221    0.92912    0.29368    0.00000 
     222    0.94906    0.10166    0.00000 
     223    0.91656    0.41000    0.00000 
     224    0.93122    0.18373    0.00000 
     225    0.92419    0.22308    0.00000 
     226    0.93578    0.13966    0.00000 
     227    0.94729    0.06675    0.00000 
     228    0.95828    0.00000    0.00000 
     229    0.89164    0.35194    0.00000 
     230    0.89356    0.31199    0.00000 
     231    0.89546    0.27204    0.00000 
     232    0.90050    0.15829    0.00000 
     233    0.89369    0.19725    0.00000 
     234    0.90950    0.07980    0.00000 
     235    0.90181    0.11876    0.00000 
     236    0.87484    0.41000    0.00000 
     237    0.91709    0.04053    0.00000 
     238    0.91656    0.00000    0.00000 
     239    0.85801    0.33030    0.00000 
     240    0.85992    0.29038    0.00000 
     241    0.86305    0.24734    0.00000 
     242    0.85283    0.37526    0.00000 
     243    0.86440    0.17067    0.00000 
     244    0.86769    0.13877    0.00000 
     245    0.85577    0.20962    0.00000 
     246    0.87226    0.09358    0.00000 
     247    0.87423    0.05780    0.00000 
     248    0.83313    0.41000    0.00000 
     249    0.87484    0.00000    0.00000 
     250    0.82444    0.30860    0.00000 
     251    0.82618    0.26911    0.00000 
     252    0.82906    0.22942    0.00000 
     253    0.81745    0.36217    0.00000 
     254    0.82957    0.18964    0.00000 
     255    0.83749    0.11303    0.00000 
     256    0.82995    0.15103    0.00000 
     257    0.83775    0.07366    0.00000 
     258    0.84181    0.03474    0.00000 
     259    0.79235    0.41000    0.00000 
     260    0.79202    0.28598    0.00000 
     261    0.78841    0.32570    0.00000 
     262    0.79368    0.24616    0.00000 
     263    0.79523    0.20974    0.00000 
     264    0.83313    0.00000    0.00000 
     265    0.79910    0.17426    0.00000 
     266    0.80255    0.12977    0.00000 
     267    0.80468    0.09504    0.00000 
     268    0.77297    0.37536    0.00000 
     269    0.80370    0.05163    0.00000 
     270    0.75359    0.41000    0.00000 
     271    0.75863    0.26421    0.00000 
     272    0.75221    0.34082    0.00000 
     273    0.75946    0.22658    0.00000 
     274    0.76787    0.14946    0.00000 
     275    0.76186    0.18853    0.00000 
     276    0.74942    0.30299    0.00000 
     277    0.79235    0.00000    0.00000 
     278    0.76796    0.10994    0.00000 
     279    0.77265    0.07170    0.00000 
     280    0.73525    0.37536    0.00000 
     281    0.77297    0.03464    0.00000 
     282    0.73212    0.23750    0.00000 
     283    0.73212    0.20000    0.00000 
     284    0.71692    0.41000    0.00000 
     285    0.73212    0.16250    0.00000 
     286    0.71960    0.27644    0.00000 
     287    0.73455    0.13107    0.00000 
     288    0.71126    0.34549    0.00000 
     289    0.73878    0.08541    0.00000 
     290    0.74464    0.04254    0.00000 
     291    0.75359    0.00000    0.00000 
     292    0.70881    0.31002    0.00000 
     293    0.68931    0.37245    0.00000 
     294    0.69537    0.21473    0.00000 
     295    0.69039    0.25174    0.00000 
     296    0.69748    0.18125    0.00000 
     297    0.68238    0.41000    0.00000 
     298    0.67933    0.33616    0.00000 
     299    0.70986    0.05521    0.00000 
     300    0.67823    0.29216    0.00000 
     301    0.69282    0.14337    0.00000 
     302    0.69973    0.09872    0.00000 
     303    0.71692    0.00000    0.00000 
     304    0.66718    0.26478    0.00000 
     305    0.66947    0.22813    0.00000 
     306    0.66728    0.24875    0.00000 
     307    0.66947    0.19063    0.00000 
     308    0.66686    0.21045    0.00000 
     309    0.66947    0.17187    0.00000 
     310    0.65000    0.41000    0.00000 
     311    0.65000    0.37983    0.00000 
     312    0.66728    0.15125    0.00000 
     313    0.65000    0.35029    0.00000 
     314    0.65000    0.32204    0.00000 
     315    0.67136    0.11472    0.00000 
     316    0.67407    0.09284    0.00000 
     317    0.65000    0.29692    0.00000 
     318    0.66629    0.13562    0.00000 
     319    0.65000    0.27500    0.00000 
     320    0.67667    0.06841    0.00000 
     321    0.65000    0.25625    0.00000 
     322    0.68133    0.03494    0.00000 
     323    0.65000    0.23750    0.00000 
     324    0.65000    0.21875    0.00000 
     325    0.65000    0.20000    0.00000 
     326    0.68238    0.00000    0.00000 
     327    0.65000    0.18125    0.00000 
     328    0.65000    0.16250    0.00000 
     329    0.65000    0.14375    0.00000 
     330    0.65000    0.12500    0.00000 
     331    0.63268    0.24688    0.00000 
     332    0.62981    0.27500    0.00000 
     333    0.65000    0.10443    0.00000 
     334    0.62476    0.29781    0.00000 
     335    0.65000    0.08125    0.00000 
     336    0.61912    0.41000    0.00000 
     337    0.61816    0.36793    0.00000 
     338    0.65000    0.05557    0.00000 
     339    0.62362    0.23293    0.00000 
     340    0.63268    0.15313    0.00000 
     341    0.62532    0.20000    0.00000 
     342    0.65000    0.02836    0.00000 
     343    0.61539    0.25096    0.00000 
     344    0.62981    0.12500    0.00000 
     345    0.62362    0.16707    0.00000 
     346    0.60962    0.32195    0.00000 
     347    0.65000    0.00000    0.00000 
     348    0.60962    0.27500    0.00000 
     349    0.61060    0.21872    0.00000 
     350    0.62510    0.10349    0.00000 
     351    0.61774    0.15104    0.00000 
     352    0.61039    0.19500    0.00000 
     353    0.60926    0.20474    0.00000 
     354    0.59749    0.38579    0.00000 
     355    0.61060    0.18128    0.00000 
     356    0.60441    0.23446    0.00000 
     357    0.59952    0.29597    0.00000 
     358    0.60000    0.21000    0.00000 
     359    0.59548    0.25231    0.00000 
     360    0.60441    0.16554    0.00000 
     361    0.60000    0.20000    0.00000 
     362    0.62402    0.04197    0.00000 
     363    0.60962    0.12500    0.00000 
     364    0.58824    0.41000    0.00000 
     365    0.60000    0.19000    0.00000 
     366    0.59499    0.22042    0.00000 
     367    0.58942    0.27500    0.00000 
     368    0.58271    0.35969    0.00000 
     369    0.59585    0.17881    0.00000 
     370    0.60962    0.07805    0.00000 
     371    0.59831    0.14779    0.00000 
     372    0.58997    0.21000    0.00000 
     373    0.60154    0.10722    0.00000 
     374    0.58997    0.19000    0.00000 
     375    0.58496    0.22042    0.00000 
     376    0.58351    0.23373    0.00000 
     377    0.61912    0.00000    0.00000 
     379    0.57771    0.29214    0.00000 
     380    0.58496    0.17958    0.00000 
     381    0.58516    0.16646    0.00000 
     382    0.57994    0.21000    0.00000 
     383    0.58942    0.12500    0.00000 
     384    0.57994    0.19000    0.00000 
     385    0.56749    0.38554    0.00000 
     386    0.56923    0.32195    0.00000 
     387    0.57493    0.22042    0.00000 
     388    0.56923    0.27500    0.00000 
     389    0.60285    0.02626    0.00000 
     390    0.56991    0.25271    0.00000 
     392    0.57493    0.17958    0.00000 
     393    0.57862    0.14851    0.00000 
     394    0.56991    0.21000    0.00000 
     395    0.56115    0.29278    0.00000 
     396    0.56991    0.19000    0.00000 
     397    0.55735    0.41000    0.00000 
     398    0.57933    0.10403    0.00000 
     399    0.56410    0.21901    0.00000 
     400    0.58758    0.05210    0.00000 
     402    0.55271    0.35943    0.00000 
     403    0.55988    0.23539    0.00000 
     404    0.56390    0.18076    0.00000 
     405    0.55988    0.21000    0.00000 
     406    0.56923    0.12500    0.00000 
     407    0.55988    0.19000    0.00000 
     408    0.55587    0.21924    0.00000 
     409    0.58824    0.00000    0.00000 
     410    0.55988    0.16461    0.00000 
     411    0.54904    0.27500    0.00000 
     412    0.54991    0.25273    0.00000 
     414    0.55567    0.18099    0.00000 
     415    0.56923    0.07805    0.00000 
     416    0.54986    0.21000    0.00000 
     417    0.54986    0.19000    0.00000 
     418    0.53750    0.38529    0.00000 
     419    0.54484    0.22042    0.00000 
     420    0.53894    0.29597    0.00000 
     421    0.55913    0.10403    0.00000 
     422    0.57279    0.02598    0.00000 
     424    0.53517    0.32574    0.00000 
     425    0.54980    0.14727    0.00000 
     426    0.54484    0.17958    0.00000 
     427    0.53983    0.21000    0.00000 
     428    0.54904    0.12500    0.00000 
     429    0.53983    0.19000    0.00000 
     430    0.52647    0.41000    0.00000 
     431    0.53381    0.21924    0.00000 
     432    0.52885    0.27500    0.00000 
     434    0.53767    0.16607    0.00000 
     435    0.52980    0.23539    0.00000 
     436    0.52272    0.35918    0.00000 
     437    0.53481    0.17958    0.00000 
     438    0.52980    0.21000    0.00000 
     439    0.52980    0.19000    0.00000 
     440    0.52559    0.21901    0.00000 
     441    0.51875    0.29597    0.00000 
     442    0.53894    0.10403    0.00000 
     443    0.55735    0.00000    0.00000 
     444    0.54757    0.04456    0.00000 
     446    0.51967    0.25277    0.00000 
     447    0.52980    0.14729    0.00000 
     448    0.52478    0.17958    0.00000 
     449    0.51977    0.21000    0.00000 
     450    0.53617    0.08103    0.00000 
     451    0.52885    0.12500    0.00000 
     452    0.51977    0.19000    0.00000 
     453    0.50750    0.38503    0.00000 
     454    0.50865    0.32195    0.00000 
     455    0.51475    0.22042    0.00000 
     456    0.51977    0.16461    0.00000 
     457    0.50865    0.27500    0.00000 
     459    0.51475    0.17958    0.00000 
     460    0.50974    0.21000    0.00000 
     461    0.50726    0.23372    0.00000 
     462    0.50974    0.19000    0.00000 
     463    0.50473    0.22042    0.00000 
     464    0.49559    0.41000    0.00000 
     465    0.49856    0.29597    0.00000 
     466    0.51875    0.10403    0.00000 
     468    0.49966    0.25273    0.00000 
     469    0.50979    0.14727    0.00000 
     470    0.49272    0.35892    0.00000 
     471    0.50473    0.17958    0.00000 
     472    0.52764    0.02216    0.00000 
     473    0.49971    0.21000    0.00000 
     474    0.50865    0.12500    0.00000 
     475    0.49971    0.19000    0.00000 
     476    0.50217    0.16628    0.00000 
     477    0.51825    0.05063    0.00000 
     478    0.49470    0.22042    0.00000 
     479    0.52647    0.00000    0.00000 
     480    0.48846    0.27500    0.00000 
     482    0.49470    0.17958    0.00000 
     483    0.48753    0.23393    0.00000 
     484    0.48968    0.21000    0.00000 
     485    0.48968    0.19000    0.00000 
     486    0.47750    0.38478    0.00000 
     487    0.47818    0.32134    0.00000 
     488    0.48467    0.22042    0.00000 
     489    0.49856    0.10403    0.00000 
     490    0.47837    0.29597    0.00000 
     491    0.50132    0.08186    0.00000 
     493    0.47965    0.25271    0.00000 
     494    0.48963    0.14727    0.00000 
     495    0.48409    0.18105    0.00000 
     496    0.47965    0.21000    0.00000 
     497    0.48846    0.12500    0.00000 
     498    0.47965    0.19000    0.00000 
     499    0.48179    0.16607    0.00000 
     500    0.47464    0.22042    0.00000 
     501    0.46471    0.41000    0.00000 
     502    0.46827    0.27500    0.00000 
     504    0.46272    0.35867    0.00000 
     505    0.47464    0.17958    0.00000 
     506    0.46962    0.21000    0.00000 
     507    0.46687    0.23351    0.00000 
     508    0.46962    0.19000    0.00000 
     509    0.46016    0.29701    0.00000 
     510    0.48721    0.05775    0.00000 
     511    0.46506    0.21887    0.00000 
     512    0.47837    0.10403    0.00000 
     513    0.49559    0.00000    0.00000 
     515    0.45965    0.25273    0.00000 
     516    0.46962    0.14729    0.00000 
     517    0.48675    0.02963    0.00000 
     518    0.46380    0.18172    0.00000 
     519    0.45960    0.21000    0.00000 
     520    0.46827    0.12500    0.00000 
     521    0.45960    0.19000    0.00000 
     522    0.44750    0.38452    0.00000 
     523    0.44808    0.32195    0.00000 
     524    0.45458    0.22042    0.00000 
     525    0.45955    0.16828    0.00000 
     527    0.44808    0.27500    0.00000 
     528    0.45558    0.18076    0.00000 
     529    0.44744    0.23393    0.00000 
     530    0.46678    0.07798    0.00000 
     531    0.44957    0.21000    0.00000 
     532    0.44957    0.19000    0.00000 
     533    0.44000    0.29278    0.00000 
     534    0.44455    0.22042    0.00000 
     535    0.45817    0.10403    0.00000 
     537    0.43382    0.41000    0.00000 
     538    0.43964    0.25277    0.00000 
     539    0.44962    0.14727    0.00000 
     540    0.43272    0.35842    0.00000 
     541    0.44455    0.17958    0.00000 
     542    0.46295    0.04865    0.00000 
     543    0.43954    0.21000    0.00000 
     544    0.44808    0.12500    0.00000 
     545    0.43954    0.19000    0.00000 
     546    0.43452    0.22042    0.00000 
     548    0.46471    0.00000    0.00000 
     549    0.42788    0.27500    0.00000 
     550    0.43481    0.18105    0.00000 
     551    0.43598    0.16607    0.00000 
     552    0.42951    0.21000    0.00000 
     553    0.42675    0.23352    0.00000 
     554    0.42951    0.19000    0.00000 
     555    0.41750    0.38427    0.00000 
     556    0.42449    0.22042    0.00000 
     557    0.41779    0.29597    0.00000 
     559    0.41938    0.25277    0.00000 
     560    0.43717    0.09522    0.00000 
     561    0.42961    0.14723    0.00000 
     562    0.44755    0.02658    0.00000 
     563    0.42449    0.17958    0.00000 
     564    0.41948    0.21000    0.00000 
     565    0.42788    0.12500    0.00000 
     566    0.41948    0.19000    0.00000 
     567    0.41447    0.22042    0.00000 
     568    0.40769    0.32195    0.00000 
     570    0.40769    0.27500    0.00000 
     571    0.40294    0.41000    0.00000 
     572    0.40272    0.35816    0.00000 
     573    0.41447    0.17958    0.00000 
     574    0.43228    0.05240    0.00000 
     575    0.40945    0.21000    0.00000 
     576    0.40728    0.23393    0.00000 
     577    0.41397    0.16628    0.00000 
     578    0.40945    0.19000    0.00000 
     579    0.40444    0.22042    0.00000 
     580    0.41779    0.10403    0.00000 
     581    0.39760    0.29597    0.00000 
     583    0.43382    0.00000    0.00000 
     584    0.39937    0.25273    0.00000 
     585    0.40444    0.17958    0.00000 
     586    0.39942    0.21000    0.00000 
     587    0.40769    0.12500    0.00000 
     588    0.39942    0.19000    0.00000 
     589    0.38750    0.38402    0.00000 
     590    0.39441    0.22042    0.00000 
     592    0.38750    0.27500    0.00000 
     593    0.39942    0.14729    0.00000 
     594    0.41755    0.02626    0.00000 
     595    0.40769    0.07805    0.00000 
     596    0.39361    0.18099    0.00000 
     597    0.38939    0.21000    0.00000 
     598    0.38693    0.23372    0.00000 
     599    0.38939    0.19000    0.00000 
     600    0.39962    0.10722    0.00000 
     601    0.38489    0.21891    0.00000 
     602    0.38939    0.16461    0.00000 
     604    0.37937    0.25271    0.00000 
     605    0.38538    0.18076    0.00000 
     606    0.40355    0.04696    0.00000 
     607    0.37538    0.29278    0.00000 
     608    0.37272    0.35790    0.00000 
     609    0.37206    0.41000    0.00000 
     610    0.37937    0.21000    0.00000 
     611    0.38750    0.12500    0.00000 
     612    0.37937    0.19000    0.00000 
     613    0.37435    0.22042    0.00000 
     615    0.40294    0.00000    0.00000 
     616    0.36731    0.27500    0.00000 
     617    0.36479    0.31870    0.00000 
     618    0.36934    0.23539    0.00000 
     619    0.37435    0.17958    0.00000 
     620    0.36934    0.21000    0.00000 
     621    0.36934    0.19000    0.00000 
     622    0.35745    0.38374    0.00000 
     623    0.36432    0.22042    0.00000 
     624    0.37740    0.10403    0.00000 
     625    0.35721    0.29597    0.00000 
     627    0.35936    0.25273    0.00000 
     628    0.36928    0.14727    0.00000 
     629    0.38750    0.02598    0.00000 
     630    0.36432    0.17958    0.00000 
     631    0.35931    0.21000    0.00000 
     632    0.36288    0.16607    0.00000 
     633    0.36731    0.12500    0.00000 
     634    0.35931    0.19000    0.00000 
     635    0.35372    0.21895    0.00000 
     636    0.35145    0.23393    0.00000 
     638    0.34712    0.27500    0.00000 
     639    0.37272    0.05210    0.00000 
     640    0.34272    0.35760    0.00000 
     641    0.35429    0.17958    0.00000 
     642    0.34118    0.41000    0.00000 
     643    0.34928    0.21000    0.00000 
     644    0.34928    0.19000    0.00000 
     645    0.34426    0.22042    0.00000 
     646    0.36051    0.08287    0.00000 
     647    0.35721    0.10403    0.00000 
     649    0.33702    0.29597    0.00000 
     650    0.33935    0.25277    0.00000 
     651    0.34928    0.14729    0.00000 
     652    0.37206    0.00000    0.00000 
     653    0.34379    0.18109    0.00000 
     654    0.33925    0.21000    0.00000 
     655    0.33013    0.32458    0.00000 
     656    0.34712    0.12500    0.00000 
     657    0.34192    0.16628    0.00000 
     658    0.33925    0.19000    0.00000 
     659    0.32745    0.38342    0.00000 
     660    0.33351    0.21832    0.00000 
     662    0.35745    0.02626    0.00000 
     663    0.32692    0.27500    0.00000 
     664    0.32962    0.23192    0.00000 
     665    0.33424    0.17958    0.00000 
     666    0.32922    0.21000    0.00000 
     667    0.32922    0.19000    0.00000 
     668    0.32521    0.21924    0.00000 
     669    0.34458    0.05977    0.00000 
     670    0.33702    0.10403    0.00000 
     672    0.31683    0.29597    0.00000 
     673    0.31914    0.25273    0.00000 
     674    0.32927    0.14727    0.00000 
     675    0.31272    0.35729    0.00000 
     676    0.32421    0.17958    0.00000 
     677    0.31029    0.41000    0.00000 
     678    0.31919    0.21000    0.00000 
     679    0.32692    0.12500    0.00000 
     680    0.32174    0.16631    0.00000 
     681    0.31919    0.19000    0.00000 
     682    0.31418    0.22042    0.00000 
     683    0.30673    0.32195    0.00000 
     685    0.34118    0.00000    0.00000 
     686    0.30673    0.27500    0.00000 
     687    0.31418    0.17958    0.00000 
     688    0.32692    0.07805    0.00000 
     689    0.30916    0.21000    0.00000 
     690    0.30676    0.23322    0.00000 
     691    0.30916    0.19000    0.00000 
     692    0.29745    0.38311    0.00000 
     693    0.30415    0.22042    0.00000 
     694    0.31683    0.10403    0.00000 
     696    0.29663    0.29597    0.00000 
     697    0.30926    0.14723    0.00000 
     698    0.29913    0.25271    0.00000 
     699    0.30335    0.18099    0.00000 
     700    0.29913    0.21000    0.00000 
     701    0.30673    0.12500    0.00000 
     702    0.29913    0.19000    0.00000 
     703    0.31707    0.05086    0.00000 
     704    0.29412    0.22042    0.00000 
     705    0.29913    0.16461    0.00000 
     707    0.29512    0.18076    0.00000 
     708    0.28654    0.27500    0.00000 
     709    0.28272    0.35697    0.00000 
     710    0.28911    0.21000    0.00000 
     711    0.28696    0.23393    0.00000 
     712    0.27941    0.41000    0.00000 
     713    0.28911    0.19000    0.00000 
     714    0.28409    0.22042    0.00000 
     715    0.29663    0.10403    0.00000 
     717    0.29828    0.08058    0.00000 
     718    0.28923    0.14720    0.00000 
     719    0.27913    0.25273    0.00000 
     720    0.27644    0.29597    0.00000 
     721    0.30743    0.02247    0.00000 
     722    0.31029    0.00000    0.00000 
     723    0.28409    0.17958    0.00000 
     724    0.27278    0.32200    0.00000 
     725    0.27908    0.21000    0.00000 
     726    0.28654    0.12500    0.00000 
     727    0.27908    0.19000    0.00000 
     728    0.26745    0.38280    0.00000 
     729    0.27406    0.22042    0.00000 
     731    0.26635    0.27500    0.00000 
     732    0.26905    0.23539    0.00000 
     733    0.27306    0.18076    0.00000 
     734    0.26905    0.21000    0.00000 
     735    0.26905    0.19000    0.00000 
     736    0.28770    0.04505    0.00000 
     737    0.26403    0.22042    0.00000 
     738    0.26905    0.16461    0.00000 
     739    0.27644    0.10403    0.00000 
     741    0.25587    0.29744    0.00000 
     742    0.26403    0.17958    0.00000 
     743    0.25272    0.35666    0.00000 
     744    0.25902    0.21000    0.00000 
     745    0.24853    0.41000    0.00000 
     746    0.25902    0.19000    0.00000 
     747    0.26635    0.12500    0.00000 
     748    0.25177    0.25435    0.00000 
     749    0.25272    0.22918    0.00000 
     751    0.24615    0.27500    0.00000 
     752    0.27941    0.00000    0.00000 
     753    0.26635    0.07805    0.00000 
     754    0.24899    0.21000    0.00000 
     755    0.25272    0.17082    0.00000 
     756    0.24576    0.23920    0.00000 
     757    0.24899    0.19000    0.00000 
     758    0.24597    0.21966    0.00000 
     759    0.23745    0.38249    0.00000 
     760    0.25177    0.14565    0.00000 
     761    0.23745    0.32070    0.00000 
     762    0.25625    0.10403    0.00000 
     763    0.23977    0.26366    0.00000 
     765    0.24597    0.18034    0.00000 
     766    0.24107    0.22852    0.00000 
     767    0.23606    0.29597    0.00000 
     768    0.24576    0.16080    0.00000 
     769    0.25956    0.05577    0.00000 
     770    0.26397    0.02598    0.00000 
     771    0.23693    0.24761    0.00000 
     774    0.24107    0.17148    0.00000 
     775    0.24615    0.12500    0.00000 
     776    0.23449    0.23620    0.00000 
     779    0.23977    0.13634    0.00000 
     782    0.23693    0.15239    0.00000 
     783    0.22272    0.35635    0.00000 
     784    0.22596    0.27500    0.00000 
     785    0.22659    0.25407    0.00000 
     786    0.23449    0.16380    0.00000 
     787    0.22649    0.24241    0.00000 
     790    0.21765    0.41000    0.00000 
     793    0.23606    0.10403    0.00000 
     795    0.21587    0.29597    0.00000 
     797    0.22649    0.15759    0.00000 
     799    0.21741    0.24687    0.00000 
     801    0.24853    0.00000    0.00000 
     802    0.22659    0.14593    0.00000 
     803    0.23559    0.07565    0.00000 
     805    0.21515    0.25832    0.00000 
     807    0.22596    0.12500    0.00000 
     809    0.20745    0.38217    0.00000 
     814    0.20577    0.32195    0.00000 
     815    0.21741    0.15313    0.00000 
     817    0.20761    0.24942    0.00000 
     818    0.20577    0.27500    0.00000 
     819    0.23392    0.02626    0.00000 
     822    0.21515    0.14168    0.00000 
     824    0.20310    0.26018    0.00000 
     828    0.21587    0.10403    0.00000 
     830    0.19769    0.29278    0.00000 
     833    0.20761    0.15058    0.00000 
     834    0.19272    0.35604    0.00000 
     835    0.19750    0.24994    0.00000 
     839    0.21743    0.05184    0.00000 
     841    0.20577    0.12500    0.00000 
     842    0.20310    0.13982    0.00000 
     845    0.18676    0.41000    0.00000 
     846    0.19091    0.25957    0.00000 
     851    0.19750    0.15006    0.00000 
     852    0.18750    0.24841    0.00000 
     854    0.18558    0.27500    0.00000 
     856    0.21765    0.00000    0.00000 
     859    0.17745    0.38186    0.00000 
     863    0.19934    0.08122    0.00000 
     864    0.19567    0.10403    0.00000 
     865    0.19091    0.14043    0.00000 
     867    0.17925    0.25900    0.00000 
     869    0.18750    0.15159    0.00000 
     870    0.17548    0.29597    0.00000 
     871    0.17800    0.24490    0.00000 
     875    0.20221    0.02598    0.00000 
     877    0.18558    0.12500    0.00000 
     881    0.17800    0.15510    0.00000 
     882    0.16538    0.32195    0.00000 
     883    0.17925    0.14100    0.00000 
     884    0.16941    0.23955    0.00000 
     886    0.16815    0.25115    0.00000 
     889    0.16538    0.27500    0.00000 
     891    0.18742    0.05210    0.00000 
     894    0.16941    0.16045    0.00000 
     896    0.15588    0.41000    0.00000 
     897    0.17548    0.10403    0.00000 
     898    0.16207    0.23258    0.00000 
     899    0.16815    0.14885    0.00000 
     901    0.15850    0.24369    0.00000 
     903    0.18676    0.00000    0.00000 
     904    0.15098    0.36506    0.00000 
     906    0.16207    0.16742    0.00000 
     907    0.15408    0.25938    0.00000 
     909    0.15629    0.22428    0.00000 
     910    0.16538    0.12500    0.00000 
     911    0.15024    0.29781    0.00000 
     912    0.15850    0.15631    0.00000 
     913    0.15629    0.17572    0.00000 
     914    0.15230    0.21497    0.00000 
     915    0.15055    0.23444    0.00000 
     916    0.15230    0.18503    0.00000 
     917    0.15026    0.20506    0.00000 
     918    0.14519    0.27500    0.00000 
     919    0.17215    0.02626    0.00000 
     920    0.15026    0.19494    0.00000 
     921    0.15408    0.14062    0.00000 
     922    0.15055    0.16556    0.00000 
     923    0.14306    0.24891    0.00000 
     924    0.15893    0.07407    0.00000 
     925    0.14169    0.22471    0.00000 
     926    0.14098    0.21213    0.00000 
     927    0.14098    0.18787    0.00000 
     928    0.13975    0.20000    0.00000 
     929    0.14169    0.17561    0.00000 
     930    0.14931    0.10234    0.00000 
     931    0.14306    0.15109    0.00000 
     932    0.14519    0.12500    0.00000 
     933    0.12500    0.41000    0.00000 
     934    0.12500    0.37983    0.00000 
     935    0.12500    0.35029    0.00000 
     936    0.12500    0.32204    0.00000 
     937    0.15098    0.04197    0.00000 
     938    0.12500    0.29692    0.00000 
     939    0.12500    0.27500    0.00000 
     940    0.15588    0.00000    0.00000 
     941    0.12500    0.25661    0.00000 
     942    0.12500    0.23931    0.00000 
     943    0.12500    0.22312    0.00000 
     944    0.12500    0.20807    0.00000 
     945    0.12500    0.19364    0.00000 
     946    0.12500    0.17808    0.00000 
     947    0.12500    0.16140    0.00000 
     948    0.12500    0.14362    0.00000 
     949    0.12500    0.12500    0.00000 
     950    0.12500    0.10443    0.00000 
     951    0.10974    0.24651    0.00000 
     952    0.11305    0.20157    0.00000 
     953    0.11127    0.21411    0.00000 
     954    0.12500    0.08125    0.00000 
     955    0.10464    0.29831    0.00000 
     956    0.10591    0.26581    0.00000 
     957    0.10819    0.23121    0.00000 
     958    0.11111    0.17136    0.00000 
     959    0.12500    0.05557    0.00000 
     960    0.10884    0.18586    0.00000 
     961    0.09785    0.41000    0.00000 
     962    0.09567    0.33616    0.00000 
     963    0.12500    0.02836    0.00000 
     964    0.09377    0.37347    0.00000 
     965    0.10598    0.15529    0.00000 
     966    0.10795    0.13610    0.00000 
     967    0.12500    0.00000    0.00000 
     968    0.09513    0.20617    0.00000 
     969    0.10026    0.11708    0.00000 
     970    0.10093    0.09284    0.00000 
     971    0.09070    0.17619    0.00000 
     972    0.08459    0.23961    0.00000 
     973    0.07768    0.31423    0.00000 
     974    0.07826    0.27800    0.00000 
     975    0.09343    0.06849    0.00000 
     976    0.06903    0.41000    0.00000 
     977    0.09457    0.03345    0.00000 
     978    0.07957    0.14467    0.00000 
     979    0.09799    0.00000    0.00000 
     980    0.05010    0.35456    0.00000 
     981    0.05342    0.19706    0.00000 
     982    0.06310    0.09946    0.00000 
     983    0.04171    0.25285    0.00000 
     984    0.03653    0.41000    0.00000 
     985    0.03849    0.29549    0.00000 
     986    0.06913    0.00000    0.00000 
     987    0.05197    0.04834    0.00000 
     988    0.03651    0.00000    0.00000 
     989    0.00000    0.41000    0.00000 
     990    0.00000    0.36750    0.00000 
     991    0.00000    0.32303    0.00000 
     992    0.00000    0.27668    0.00000 
     993    0.00000    0.22854    0.00000 
     994    0.00000    0.17940    0.00000 
     995    0.00000    0.13190    0.00000 
     996    0.00000    0.08618    0.00000 
     997    0.00000    0.04233    0.00000 
     998    0.00000    0.00000    0.00000 