       1    945   944     952

       2    946   945     960

       3    944   943     953

       4    947   946     958

       5    943   942     957

       6    952   944     953

       7    952   953     968

       8    945   952     960

       9    960   952     968

      10    942   941     951

      11    953   943     957

      12    953   957     968

      13    948   947     965

      14    946   960     958

      15    958   960     971

      16    949   948     966

      17    941   939     956

      18    957   942     951

      19    957   951     972

      20    947   958     965

      21    965   958     971

      22    951   941     956

      23    951   956     972

      24    950   949     969

      25    948   965     966

      26    966   965     978

      27    949   966     969

      28    969   966     978

      29    956   939     955

      30    954   950     970

      31    939   938     955

      32    955   938     936

      33    971   960     968

      34    950   969     970

      35    970   969     982

      36    956   955     974

      37    959   954     975

      38    957   972     968

      39    954   970     975

      40    975   970     982

      41    979   967     963

      42    963   959     977

      43    933   961     934

      44    936   935     962

      45    978   965     971

      46    971   968     981

      47    986   979     977

      48    961   976     964

      49    935   934     964

      50    959   975     977

      51    977   975     987

      52    974   955     973

      53    956   974     972

      54    968   972     981

      55    963   977     979

      56    976   984     980

      57    988   986     987

      58    982   969     978

      59    962   935     964

      60    936   962     955

      61    964   976     980

      62    964   980     962

      63    961   964     934

      64    978   971     981

      65    973   955     962

      66    973   962     980

      67    974   973     985

      68    998   988     997

      69    984   989     990

      70    980   984     990

      71    982   978     995

      72    987   975     982

      73    977   987     986

      74    972   974     983

      75    996   997     987

      76    985   973     980

      77    974   985     983

      78    983   985     992

      79    992   985     991

      80    990   991     980

      81    972   983     981

      82    995   996     982

      83    992   993     983

      84    994   995     978

      85    991   985     980

      86    983   993     981

      87    993   994     981

      88    987   982     996

      89    978   981     994

      90    997   988     987

      91    939   918     938

      92    708   686     696

      93    527   502     509

      94    348   332     334

      95    818   784     795

      96    616   592     607

      97    432   411     420

      98    889   854     870

      99    663   638     649

     100    480   457     465

     101    751   731     741

     102    570   549     557

     103    388   367     379

     104    918   889     911

     105    686   663     672

     106    502   480     490

     107    332   319     317

     108    784   751     767

     109    592   570     581

     110    411   388     395

     111    854   818     830

     112    638   616     625

     113    457   432     441

     114    731   708     720

     115    549   527     533

     116    367   348     357

     117    696   686     672

     118    696   672     683

     119    465   457     441

     120    465   441     454

     121    581   570     557

     122    581   557     568

     123    607   592     581

     124    607   581     617

     125    911   889     870

     126    911   870     882

     127    441   432     420

     128    441   424     454

     129    334   332     317

     130    557   549     533

     131    557   523     568

     132    830   818     795

     133    830   795     814

     134    870   854     830

     135    870   830     814

     136    490   480     465

     137    490   465     487

     138    533   527     509

     139    533   509     523

     140    509   502     490

     141    509   487     523

     142    741   731     720

     143    741   720     724

     144    395   388     379

     145    395   379     386

     146    420   411     395

     147    420   395     386

     148    672   663     649

     149    672   655     683

     150    720   708     696

     151    720   696     724

     152    795   784     767

     153    795   761     814

     154    379   367     357

     155    379   357     386

     156    625   616     607

     157    625   607     617

     158    649   638     625

     159    649   625     617

     160    767   751     741

     161    767   741     761

     162    357   348     334

     163    357   334     346

     164    918   911     938

     165    936   938     911

     166    317   314     334

     167    617   581     568

     168    357   346     386

     169    911   882     936

     170    533   523     557

     171    696   683     724

     172    346   334     314

     173    882   870     814

     174    935   936     882

     175    314   313     346

     176    934   935     904

     177    313   311     337

     178    904   935     882

     179    934   904     896

     180    337   311     336

     181    313   337     346

     182    933   934     896

     183    311   310     336

     184    571   609     589

     185    589   609     622

     186    622   609     642

     187    589   622     608

     188    608   622     640

     189    589   608     572

     190    640   622     659

     191    608   640     617

     192    589   572     555

     193    640   659     675

     194    555   572     540

     195    589   555     571

     196    571   555     537

     197    675   659     692

     198    540   572     568

     199    555   540     522

     200    692   659     677

     201    692   677     712

     202    675   692     709

     203    522   540     504

     204    555   522     537

     205    537   522     501

     206    709   692     728

     207    675   709     683

     208    504   540     523

     209    728   692     712

     210    728   712     745

     211    709   728     743

     212    743   728     759

     213    709   743     724

     214    759   728     745

     215    759   745     790

     216    743   759     783

     217    783   759     809

     218    743   783     761

     219    809   759     790

     220    809   790     845

     221    783   809     834

     222    761   783     814

     223    743   761     724

     224    724   761     741

     225    834   809     859

     226    783   834     814

     227    859   809     845

     228    859   845     896

     229    834   859     904

     230    608   617     568

     231    608   568     572

     232    659   622     642

     233    659   642     677

     234    640   675     655

     235    655   675     683

     236    655   672     649

     237    640   655     617

     238    522   504     486

     239    486   504     470

     240    522   486     501

     241    470   504     487

     242    486   470     453

     243    501   486     464

     244    487   504     523

     245    470   487     454

     246    453   470     436

     247    486   453     464

     248    464   453     430

     249    436   470     454

     250    453   436     418

     251    418   436     402

     252    453   418     430

     253    430   418     397

     254    402   436     424

     255    418   402     385

     256    424   436     454

     257    402   424     386

     258    385   402     368

     259    418   385     397

     260    397   385     364

     261    368   402     386

     262    385   368     354

     263    354   368     337

     264    385   354     364

     265    364   354     336

     266    904   859     896

     267    487   509     490

     268    424   441     420

     269    761   795     767

     270    454   487     465

     271    386   424     420

     272    336   354     337

     273    814   834     882

     274    655   649     617

     275    709   724     683

     276    523   540     568

     277    368   386     346

     278    834   904     882

     279    337   368     346

     280    330   344     333

     281    497   520     512

     282    679   701     694

     283    910   932     930

     284    406   428     421

     285    587   611     600

     286    775   807     793

     287    363   383     373

     288    544   565     560

     289    726   747     739

     290    451   474     466

     291    633   656     647

     292    841   877     864

     293    344   363     350

     294    520   544     535

     295    701   726     715

     296    932   949     950

     297    428   451     442

     298    611   633     624

     299    807   841     828

     300    383   406     398

     301    565   587     580

     302    747   775     762

     303    474   497     489

     304    656   679     670

     305    877   910     897

     306    335   333     350

     307    950   954     930

     308    512   520     535

     309    512   535     530

     310    739   747     762

     311    739   762     753

     312    624   633     647

     313    624   647     646

     314    600   611     624

     315    600   624     595

     316    350   363     373

     317    350   373     370

     318    762   775     793

     319    762   803     753

     320    930   932     950

     321    647   656     670

     322    647   670     646

     323    398   406     421

     324    398   421     415

     325    373   383     398

     326    373   398     370

     327    715   726     739

     328    715   739     717

     329    670   679     694

     330    670   694     688

     331    694   701     715

     332    694   717     688

     333    466   474     489

     334    466   489     491

     335    828   841     864

     336    828   864     863

     337    793   807     828

     338    793   828     803

     339    535   544     560

     340    535   560     530

     341    489   497     512

     342    489   512     491

     343    421   428     442

     344    421   450     415

     345    864   877     897

     346    864   897     863

     347    580   587     600

     348    580   600     595

     349    560   565     580

     350    560   580     595

     351    442   451     466

     352    442   466     450

     353    897   910     930

     354    897   930     924

     355    344   350     333

     356    338   335     370

     357    954   959     924

     358    342   338     362

     359    959   963     937

     360    595   624     646

     361    897   924     863

     362    350   370     335

     363    398   415     370

     364    512   530     491

     365    924   930     954

     366    670   688     646

     367    347   342     377

     368    963   967     940

     369    362   338     370

     370    342   362     377

     371    937   963     940

     372    959   937     924

     373    652   615     629

     374    629   615     594

     375    652   629     662

     376    594   615     583

     377    629   594     606

     378    662   629     639

     379    606   594     574

     380    574   594     562

     381    606   574     595

     382    606   595     639

     383    562   594     583

     384    562   583     548

     385    574   562     542

     386    542   562     517

     387    574   542     530

     388    530   542     510

     389    510   542     517

     390    530   510     491

     391    491   510     477

     392    477   510     517

     393    491   477     450

     394    450   477     444

     395    491   450     466

     396    444   477     472

     397    450   444     415

     398    472   477     517

     399    444   472     443

     400    517   562     548

     401    517   548     513

     402    629   606     639

     403    639   595     646

     404    639   646     669

     405    669   646     688

     406    669   688     703

     407    639   669     662

     408    703   688     717

     409    669   703     662

     410    717   694     715

     411    703   717     736

     412    736   717     753

     413    703   736     721

     414    721   736     752

     415    703   721     662

     416    652   662     685

     417    717   739     753

     418    801   752     770

     419    770   752     736

     420    801   770     819

     421    770   736     769

     422    819   770     769

     423    801   819     856

     424    769   736     753

     425    769   753     803

     426    803   762     793

     427    769   803     819

     428    803   828     863

     429    513   479     472

     430    472   479     443

     431    903   856     875

     432    875   856     819

     433    903   875     919

     434    919   875     891

     435    903   919     940

     436    891   875     839

     437    919   891     937

     438    919   937     940

     439    839   875     819

     440    891   839     863

     441    863   839     803

     442    839   819     803

     443    722   685     721

     444    722   721     752

     445    443   409     422

     446    422   409     389

     447    443   422     444

     448    389   409     377

     449    422   389     400

     450    400   389     362

     451    362   389     377

     452    422   400     444

     453    685   662     721

     454    442   450     421

     455    517   513     472

     456    891   863     924

     457    595   574     560

     458    891   924     937

     459    400   362     370

     460    400   370     415

     461    400   415     444

     462    530   560     574

     463    358   361     353

     464    361   365     352

     465    365   374     369

     466    727   735     733

     467    427   416     419

     468    545   554     550

     469    610   597     601

     470    452   462     459

     471    634   644     641

     472    700   689     693

     473    519   506     511

     474    407   417     414

     475    744   734     737

     476    382   372     375

     477    588   599     596

     478    564   552     556

     479    498   508     505

     480    681   691     687

     481    654   643     645

     482    473   460     463

     483    384   396     392

     484    746   757     765

     485    405   394     399

     486    566   578     573

     487    586   575     579

     488    475   485     482

     489    658   667     665

     490    678   666     668

     491    496   484     488

     492    429   439     437

     493    612   621     619

     494    725   710     714

     495    543   531     534

     496    521   532     528

     497    702   713     707

     498    631   620     623

     499    449   438     440

     500    374   384     380

     501    735   746     742

     502    416   405     408

     503    554   566     563

     504    597   586     590

     505    462   475     471

     506    644   658     653

     507    689   678     682

     508    506   496     500

     509    417   429     426

     510    734   725     729

     511    372   358     366

     512    599   612     605

     513    552   543     546

     514    508   521     518

     515    691   702     699

     516    643   631     635

     517    460   449     455

     518    396   407     404

     519    754   744     758

     520    394   382     387

     521    578   588     585

     522    575   564     567

     523    485   498     495

     524    667   681     676

     525    666   654     660

     526    484   473     478

     527    439   452     448

     528    621   634     630

     529    710   700     704

     530    531   519     524

     531    532   545     541

     532    713   727     723

     533    620   610     613

     534    438   427     431

     535    869   881     883

     536    914   909     925

     537    799   787     785

     538    797   815     802

     539    913   916     929

     540    871   852     867

     541    774   786     768

     542    894   906     912

     543    898   884     901

     544    776   766     756

     545    833   851     842

     546    920   917     928

     547    835   817     824

     548    765   774     755

     549    881   894     899

     550    909   898     915

     551    787   776     771

     552    815   833     822

     553    916   920     927

     554    852   835     846

     555    786   797     782

     556    906   913     922

     557    884   871     886

     558    766   758     749

     559    851   869     865

     560    917   914     926

     561    817   799     805

     562    353   361     352

     563    353   352     341

     564    358   353     349

     565    352   365     355

     566    369   374     380

     567    369   380     381

     568    623   620     613

     569    623   613     618

     570    541   545     550

     571    541   550     551

     572    645   643     635

     573    645   635     636

     574    518   521     528

     575    518   528     525

     576    511   506     500

     577    511   500     507

     578    668   666     660

     579    668   660     664

     580    653   658     665

     581    653   665     657

     582    495   498     505

     583    495   505     499

     584    601   597     590

     585    601   590     598

     586    573   578     585

     587    573   585     577

     588    408   405     399

     589    408   399     403

     590    404   407     414

     591    404   414     410

     592    596   599     605

     593    596   605     602

     594    714   710     704

     595    714   704     711

     596    729   725     714

     597    729   714     711

     598    448   452     459

     599    448   459     456

     600    419   416     408

     601    419   408     403

     602    380   384     392

     603    380   392     381

     604    613   610     601

     605    613   601     598

     606    392   396     404

     607    392   404     410

     608    635   631     623

     609    635   623     636

     610    737   734     729

     611    737   729     732

     612    437   439     448

     613    437   448     434

     614    500   496     488

     615    500   483     507

     616    660   654     645

     617    660   645     664

     618    641   644     653

     619    641   653     657

     620    482   485     495

     621    482   495     499

     622    590   586     579

     623    590   576     598

     624    585   588     596

     625    585   596     602

     626    505   508     518

     627    505   518     525

     628    528   532     541

     629    528   541     525

     630    605   612     619

     631    605   619     602

     632    704   700     693

     633    704   690     711

     634    733   735     742

     635    733   742     738

     636    440   438     431

     637    440   431     435

     638    723   727     733

     639    723   733     738

     640    463   460     455

     641    463   455     461

     642    699   702     707

     643    699   707     705

     644    414   417     426

     645    414   426     410

     646    488   484     478

     647    488   478     483

     648    682   678     668

     649    682   668     664

     650    676   681     687

     651    676   687     680

     652    459   462     471

     653    459   476     456

     654    579   575     567

     655    579   567     576

     656    563   566     573

     657    563   573     577

     658    387   382     375

     659    387   375     376

     660    556   552     546

     661    556   546     553

     662    534   531     524

     663    534   524     529

     664    366   358     349

     665    630   634     641

     666    630   641     632

     667    550   554     563

     668    550   563     551

     669    742   746     765

     670    431   427     419

     671    431   419     435

     672    399   394     387

     673    399   387     403

     674    455   449     440

     675    455   440     435

     676    375   372     366

     677    375   366     376

     678    619   621     630

     679    619   630     632

     680    426   429     437

     681    426   437     434

     682    478   473     463

     683    478   463     461

     684    693   689     682

     685    693   682     690

     686    665   667     676

     687    665   676     680

     688    471   475     482

     689    471   482     476

     690    567   564     556

     691    567   556     553

     692    687   691     699

     693    687   699     705

     694    707   713     723

     695    707   723     705

     696    546   543     534

     697    546   534     529

     698    524   519     511

     699    524   511     507

     700    365   369     355

     701    744   737     758

     702    883   881     899

     703    901   884     886

     704    771   776     756

     705    865   869     883

     706    929   916     927

     707    824   817     805

     708    782   797     802

     709    785   787     771

     710    842   851     865

     711    927   920     928

     712    805   799     785

     713    768   786     782

     714    899   894     912

     715    886   871     867

     716    925   909     915

     717    756   766     749

     718    822   833     842

     719    926   914     925

     720    867   852     846

     721    755   774     768

     722    922   913     929

     723    802   815     822

     724    928   917     926

     725    846   835     824

     726    912   906     922

     727    915   898     901

     728    749   758     737

     729    765   755     742

     730    883   899     910

     731    842   865     841

     732    822   842     841

     733    912   922     931

     734    929   927     946

     735    899   912     921

     736    922   929     947

     737    771   756     748

     738    805   785     784

     739    867   846     854

     740    782   802     779

     741    925   915     942

     742    928   926     944

     743    901   886     907

     744    927   928     945

     745    926   925     943

     746    915   901     923

     747    824   805     818

     748    886   867     889

     749    802   822     807

     750    865   883     877

     751    768   782     760

     752    755   768     738

     753    785   771     763

     754    756   749     732

     755    846   824     818

     756    349   353     341

     757    352   355     341

     758    944   945     928

     759    749   737     732

     760    742   755     738

     761    943   944     926

     762    945   946     927

     763    366   349     356

     764    355   369     360

     765    499   505     525

     766    483   478     461

     767    632   641     657

     768    461   455     435

     769    488   483     500

     770    577   585     602

     771    553   546     529

     772    426   434     410

     773    618   613     598

     774    579   576     590

     775    434   448     456

     776    657   665     680

     777    529   524     507

     778    693   690     704

     779    369   381     360

     780    360   381     371

     781    680   687     705

     782    690   682     664

     783    476   482     499

     784    541   551     525

     785    576   567     553

     786    471   476     459

     787    623   618     636

     788    387   376     403

     789    645   636     664

     790    732   729     711

     791    942   943     925

     792    931   922     947

     793    748   756     732

     794    907   886     889

     795    760   782     779

     796    760   775     747

     797    921   912     931

     798    921   931     932

     799    779   802     807

     800    923   901     907

     801    923   907     918

     802    763   771     748

     803    763   748     751

     804    768   760     738

     805    899   921     910

     806    915   923     942

     807    785   763     784

     808    854   846     818

     809    865   877     841

     810    946   947     929

     811    356   349     339

     812    366   356     376

     813    355   360     345

     814    941   942     923

     815    947   948     931

     816    779   807     775

     817    779   775     760

     818    784   763     751

     819    751   748     731

     820    939   941     918

     821    921   932     910

     822    918   907     889

     823    948   949     932

     824    330   329     344

     825    328   327     345

     826    325   324     341

     827    323   321     331

     828    329   328     340

     829    327   325     341

     830    324   323     339

     831    321   319     332

     832    371   381     393

     833    360   371     351

     834    822   841     807

     835    818   805     784

     836    356   339     343

     837    345   360     351

     838    345   351     340

     839    340   351     344

     840    345   340     328

     841    867   854     889

     842    877   883     910

     843    941   923     918

     844    931   948     932

     845    331   321     332

     846    323   331     339

     847    339   331     343

     848    343   331     332

     849    329   340     344

     850    393   381     410

     851    371   393     383

     852    351   371     363

     853    349   341     339

     854    339   341     324

     855    356   343     359

     856    355   345     341

     857    341   345     327

     858    359   343     348

     859    356   359     376

     860    499   525     516

     861    516   525     539

     862    499   516     494

     863    539   525     551

     864    516   539     520

     865    494   516     497

     866    499   494     476

     867    618   598     604

     868    604   598     584

     869    618   604     627

     870    584   598     576

     871    604   584     592

     872    627   604     616

     873    618   627     636

     874    539   551     561

     875    561   551     577

     876    539   561     544

     877    584   576     559

     878    559   576     553

     879    584   559     570

     880    636   627     650

     881    650   627     638

     882    636   650     664

     883    507   483     493

     884    493   483     468

     885    507   493     515

     886    468   483     461

     887    493   468     480

     888    515   493     502

     889    507   515     529

     890    468   461     446

     891    446   461     435

     892    468   446     457

     893    529   515     538

     894    538   515     527

     895    529   538     553

     896    632   657     651

     897    651   657     674

     898    632   651     628

     899    674   657     680

     900    651   674     656

     901    628   651     633

     902    632   628     602

     903    674   680     697

     904    697   680     705

     905    674   697     679

     906    434   456     447

     907    447   456     469

     908    434   447     425

     909    469   456     476

     910    447   469     451

     911    425   447     428

     912    434   425     410

     913    469   476     494

     914    410   425     393

     915    577   602     593

     916    593   602     628

     917    577   593     561

     918    711   690     698

     919    698   690     673

     920    711   698     719

     921    673   690     664

     922    698   673     686

     923    719   698     708

     924    711   719     732

     925    673   664     650

     926    732   719     748

     927    403   376     390

     928    390   376     359

     929    403   390     412

     930    412   390     388

     931    403   412     435

     932    559   553     538

     933    446   435     412

     934    697   705     718

     935    718   705     738

     936    697   718     701

     937    469   494     474

     938    663   686     673

     939    406   383     393

     940    480   502     493

     941    587   565     561

     942    388   411     412

     943    679   656     674

     944    570   592     584

     945    497   474     494

     946    348   367     359

     947    708   731     719

     948    726   701     718

     949    363   344     351

     950    527   549     538

     951    544   520     539

     952    432   457     446

     953    633   611     628

     954    616   638     627

     955    451   428     447

     956    332   348     343

     957    686   708     698

     958    747   726     718

     959    383   363     371

     960    502   527     515

     961    565   544     561

     962    411   432     412

     963    656   633     651

     964    592   616     604

     965    474   451     469

     966    367   388     390

     967    701   679     697

     968    549   570     559

     969    520   497     516

     970    457   480     468

     971    611   587     593

     972    638   663     650

     973    428   406     425

     974    673   650     663

     975    559   538     549

     976    705   723     738

     977    392   410     381

     978    551   563     577

     979    419   403     435

     980    619   632     602

     981    359   367     390

     982    593   587     561

     983    432   446     412

     984    747   718     738

     985    760   747     738

     986    731   748     719

     987    611   593     628

     988    406   393     425

    1294    319   321     304

    1295    323   324     305

    1296    325   327     307

    1297    328   329     312

    1298    321   323     306

    1299    324   325     308

    1300    327   328     309

    1301    329   330     318

    1302    330   333     315

    1303    304   321     306

    1304    304   306     295

    1305    307   327     309

    1306    307   309     296

    1307    306   323     305

    1308    306   305     295

    1309    309   328     312

    1310    309   301     296

    1311    305   324     308

    1312    305   308     294

    1313    312   329     318

    1314    312   318     301

    1315    308   325     307

    1316    308   307     294

    1317    318   330     315

    1318    318   315     301

    1319    319   304     300

    1320    317   319     300

    1321    317   300     314

    1322    333   335     316

    1323    315   333     316

    1324    315   316     302

    1325    335   338     320

    1326    300   304     295

    1327    338   342     322

    1328    316   335     320

    1329    316   320     302

    1330    313   314     298

    1331    342   347     326

    1332    307   296     294

    1333    305   294     295

    1334    312   301     309

    1335    311   313     293

    1336    320   338     322

    1337    320   322     299

    1338    310   311     297

    1339    322   342     326

    1340    298   314     300

    1341    313   298     293

    1342    293   298     288

    1343    315   302     301

    1344    311   293     297

    1345    326   303     322

    1346    284   297     293

    1347    303   291     290

    1348    270   284     280

    1349    301   302     287

    1350    299   322     303

    1351    320   299     302

    1352    294   296     283

    1353    295   294     282

    1354    296   301     285

    1355    288   298     292

    1356    293   280     284

    1357    291   277     281

    1358    259   270     268

    1359    287   302     289

    1360    301   287     285

    1361    285   287     274

    1362    274   287     278

    1363    285   274     275

    1364    290   291     281

    1365    290   279     289

    1366    303   290     299

    1367    299   290     289

    1368    280   293     288

    1369    280   288     272

    1370    272   288     292

    1371    280   272     268

    1372    280   268     270

    1373    283   296     285

    1374    283   285     275

    1375    283   275     273

    1376    273   275     263

    1377    283   273     282

    1378    282   273     271

    1379    283   282     294

    1380    271   273     262

    1381    282   271     286

    1382    295   282     286

    1383    295   286     300

    1384    292   298     300

    1385    262   273     263

    1386    262   263     252

    1387    252   263     254

    1388    262   252     251

    1389    271   262     260

    1390    286   271     276

    1391    278   287     289

    1392    278   289     279

    1393    279   290     281

    1394    279   281     269

    1395    278   279     267

    1396    269   281     277

    1397    279   269     267

    1398    274   278     266

    1399    275   274     265

    1400    263   275     265

    1401    263   265     254

    1402    254   265     256

    1403    256   265     266

    1404    256   266     255

    1405    254   256     243

    1406    255   266     267

    1407    267   266     278

    1408    255   267     257

    1409    256   255     244

    1410    257   267     269

    1411    257   269     258

    1412    255   257     246

    1413    258   269     277

    1414    257   258     247

    1415    243   256     244

    1416    243   244     232

    1417    232   244     235

    1418    243   232     233

    1419    235   244     246

    1420    235   246     234

    1421    232   235     226

    1422    233   232     224

    1423    243   233     245

    1424    254   243     245

    1425    254   245     252

    1426    252   245     241

    1427    241   245     233

    1428    252   241     251

    1429    259   268     253

    1430    244   255     246

    1431    234   246     247

    1432    247   246     257

    1433    235   234     222

    1434    262   251     260

    1435    260   251     250

    1436    250   251     240

    1437    260   250     261

    1438    247   258     249

    1439    289   302     299

    1440    271   260     276

    1441    286   276     292

    1442    286   292     300

    1443    274   266     265

    1444    240   251     241

    1445    261   250     253

    1446    250   240     239

    1447    260   261     276

    1448    226   235     222

    1449    226   222     209

    1450    224   232     226

    1451    233   224     225

    1452    253   268     261

    1453    259   253     248

    1454    248   253     242

    1455    222   234     227

    1456    242   253     239

    1457    248   242     236

    1458    239   240     230

    1459    250   239     253

    1460    225   224     216

    1461    233   225     241

    1462    227   234     237

    1463    222   227     210

    1464    230   240     231

    1465    239   230     229

    1466    216   224     215

    1467    225   216     217

    1468    237   234     247

    1469    229   230     219

    1470    217   216     205

    1471    219   230     221

    1472    229   219     220

    1473    221   230     231

    1474    219   221     212

    1475    220   219     211

    1476    212   221     217

    1477    211   219     212

    1478    220   211     213

    1479    211   212     203

    1480    203   212     204

    1481    231   240     241

    1482    215   224     226

    1483    229   220     236

    1484    227   237     228

    1485    239   229     242

    1486    225   217     231

    1487    216   215     206

    1488    216   206     205

    1489    221   231     217

    1490    268   272     261

    1491    261   272     276

    1492    276   272     292

    1493    277   264     258

    1494    258   264     249

    1495    231   241     225

    1496    218   214     228

    1497    208   206     215

    1498    208   215     209

    1499    203   202     211

    1500    210   209     222

    1501    205   204     217

    1502    214   210     227

    1503    202   201     213

    1504    236   242     229

    1505    211   202     213

    1506    238   228     237

    1507    238   237     249

    1508    223   236     220

    1509    223   220     213

    1510    215   226     209

    1511    237   247     249

    1512    204   212     217

    1513    228   214     227

    1514     45    46      39

    1515     48    49      38

    1516     51    52      43

    1517     56    60      50

    1518     46    48      37

    1519     49    51      42

    1520     52    56      44

    1521     60    65      55

    1522     38    49      42

    1523     38    42      35

    1524     50    60      55

    1525     42    51      43

    1526     42    43      35

    1527     43    52      44

    1528     43    44      36

    1529     37    48      38

    1530     37    38      32

    1531     44    56      50

    1532     44    41      36

    1533     46    37      39

    1534     34    39      37

    1535     55    47      50

    1536     29    34      32

    1537     47    40      41

    1538     43    36      35

    1539     24    29      26

    1540     40    33      31

    1541     32    34      37

    1542     29    32      26

    1543     26    32      35

    1544     41    40      31

    1545     41    31      36

    1546     47    41      50

    1547     35    32      38

    1548     41    44      50

    1549     17    24      21

    1550     33    30      27

    1551     24    26      21

    1552     21    26      28

    1553     31    33      27

    1554     31    27      28

    1555     28    26      35

    1556     21    28      20

    1557      1     2       3

    1558      6    11       8

    1559     30    25      23

    1560     22    19      15

    1561      2     6       4

    1562     11    17      14

    1563     25    22      16

    1564     19    18      12

    1565     17    21      14

    1566     14    21      20

    1567     14    20      13

    1568     27    30      23

    1569     27    23      20

    1570     13    20      23

    1571     14    13       8

    1572      8    13       9

    1573     14     8      11

    1574      9    13      16

    1575      8     9       4

    1576      4     9       5

    1577      8     4       6

    1578      5     9      10

    1579      4     5       3

    1580     20    28      27

    1581     15    19      10

    1582     23    25      16

    1583     23    16      13

    1584     16    22      15

    1585     16    15       9

    1586      2     4       3

    1587      7     3       5

    1588      7     5      10

    1589     10     9      15

    1590     10    19      12

    1591     10    12       7

    1592     35    36      28

    1593     36    31      28

    1594    218   207     214

    1595    192   201     202

    1596    205   206     195

    1597    210   214     200

    1598    203   204     193

    1599    208   209     198

    1600    202   203     190

    1601    206   208     196

    1602    204   205     194

    1603    209   210     199

    1604    207   197     200

    1605    182   192     190

    1606    197   186     189

    1607    173   182     178

    1608    186   177     179

    1609    177   169     171

    1610    155   164     160

    1611    164   173     170

    1612    169   159     161

    1613    145   155     151

    1614    195   206     196

    1615    195   196     184

    1616    193   204     194

    1617    193   194     183

    1618    190   203     193

    1619    190   193     181

    1620    194   205     195

    1621    194   195     185

    1622    200   214     207

    1623    198   209     199

    1624    198   199     187

    1625    196   208     198

    1626    196   198     188

    1627    199   210     200

    1628    199   200     191

    1629    202   190     192

    1630    159   150     152

    1631    136   145     141

    1632    184   196     188

    1633    184   188     175

    1634    181   193     183

    1635    181   183     174

    1636    187   199     191

    1637    187   191     180

    1638    191   200     189

    1639    191   189     180

    1640    175   187     180

    1641    174   183     176

    1642    183   194     185

    1643    183   185     176

    1644    176   184     175

    1645    185   195     184

    1646    185   184     176

    1647    188   198     187

    1648    188   187     175

    1649    190   181     178

    1650    178   181     174

    1651    189   186     179

    1652    189   179     180

    1653    197   189     200

    1654    178   182     190

    1655    173   178     170

    1656    170   178     174

    1657    150   140     143

    1658    127   136     132

    1659    179   177     171

    1660    179   171     172

    1661    164   170     160

    1662    160   170     165

    1663    172   171     163

    1664    179   172     180

    1665    180   172     167

    1666    167   172     163

    1667    180   167     175

    1668    165   170     174

    1669    165   174     166

    1670    166   174     176

    1671    166   176     168

    1672    165   166     156

    1673    168   176     175

    1674    166   168     158

    1675    160   165     156

    1676    171   169     161

    1677    171   161     163

    1678    163   161     154

    1679    155   160     151

    1680    151   160     156

    1681    154   161     152

    1682    154   152     144

    1683    152   161     159

    1684    144   152     143

    1685    144   143     135

    1686    154   144     146

    1687    143   152     150

    1688    135   143     134

    1689    144   135     137

    1690    163   154     157

    1691    145   151     141

    1692    141   151     148

    1693    148   151     156

    1694    141   148     138

    1695    140   131     134

    1696    134   131     125

    1697    140   134     143

    1698    125   131     122

    1699    134   124     135

    1700     45    53      46

    1701    102    92      94

    1702     85    95      89

    1703    122   112     113

    1704     63    74      69

    1705     82    75      73

    1706    105   116     109

    1707     53    63      59

    1708     92    82      84

    1709     95   105      99

    1710    112   102     104

    1711     74    85      79

    1712    136   141     132

    1713    132   141     138

    1714    132   138     126

    1715     75    65      60

    1716    116   127     120

    1717    126   138     133

    1718    132   126     120

    1719    120   126     115

    1720    132   120     127

    1721    115   126     121

    1722    120   115     109

    1723    109   115     106

    1724    106   115     111

    1725    109   106      99

    1726     99   106      96

    1727     96   106     101

    1728     99    96      89

    1729     89    96      86

    1730     86    96      91

    1731     89    86      79

    1732     79    86      76

    1733     76    86      80

    1734     79    76      69

    1735     69    76      64

    1736     64    76      70

    1737     69    64      59

    1738     59    64      54

    1739     54    64      58

    1740     59    54      46

    1741    120   109     116

    1742     99    89      95

    1743     79    69      74

    1744    109    99     105

    1745     89    79      85

    1746     69    59      63

    1747    137   135     128

    1748    144   137     146

    1749    146   137     139

    1750    139   137     129

    1751    146   139     149

    1752    154   146     157

    1753    157   146     149

    1754    157   149     162

    1755    162   149     153

    1756    157   162     167

    1757    156   166     158

    1758    156   158     147

    1759    147   158     153

    1760    156   147     148

    1761    158   168     153

    1762    163   157     167

    1763    111   115     121

    1764    111   121     118

    1765    118   121     130

    1766    111   118     108

    1767    106   111     101

    1768    101   111     108

    1769    101   108      98

    1770     98   108     103

    1771    101    98      91

    1772     91    98      88

    1773    101    91      96

    1774     88    98      93

    1775     91    88      80

    1776     80    88      78

    1777     91    80      86

    1778     78    88      83

    1779     80    78      70

    1780     70    78      68

    1781     80    70      76

    1782     68    78      72

    1783     70    68      58

    1784     58    68      57

    1785     70    58      64

    1786     57    68      62

    1787     58    49      48

    1788    153   149     142

    1789    162   153     168

    1790    121   126     133

    1791    121   133     130

    1792    130   133     142

    1793    129   137     128

    1794    129   128     119

    1795    119   128     117

    1796    129   119     123

    1797    139   129     130

    1798    149   139     142

    1799    142   139     130

    1800    138   148     147

    1801     78    83      72

    1802     72    83      81

    1803     81    83      90

    1804     72    81      71

    1805     68    72      62

    1806     62    72      71

    1807     62    71      61

    1808     61    71      66

    1809     62    61      51

    1810     83    88      93

    1811     83    93      90

    1812     90    93     100

    1813    100    93     103

    1814    100   103     110

    1815    103    93      98

    1816    110   103     114

    1817    100   110     107

    1818     90   100      97

    1819     57    62      51

    1820     54    58      48

    1821     94    92      84

    1822     94    84      87

    1823     73    75      60

    1824    133   138     147

    1825    113   112     104

    1826    113   104     107

    1827    104   102      94

    1828    104    94      97

    1829     87    84      77

    1830     84    82      73

    1831     84    73      77

    1832     77    67      66

    1833     77    66      71

    1834    122   113     125

    1835     53    59      46

    1836     94    87      97

    1837    128   135     124

    1838    117   128     124

    1839    117   124     113

    1840    123   119     114

    1841    114   119     110

    1842    123   114     118

    1843    123   118     130

    1844    110   119     117

    1845    110   117     107

    1846    107   117     113

    1847    118   114     108

    1848    123   130     129

    1849    108   114     103

    1850    100   107      97

    1851     97   107     104

    1852    153   142     147

    1853     90    97      87

    1854     71    81      77

    1855     61    66      56

    1856    124   134     125

    1857    124   125     113

    1858     81    90      87

    1859     87    77      81

    1860     54    48      46

    1861     56    52      61

    1862     61    52      51

    1863     51    49      57

    1864     57    49      58

    1865     60    56      67

    1866     67    56      66

    1867     60    67      73

    1868     67    77      73

    1869    168   175     162

    1870    175   167     162

    1871    147   142     133