     358 
     361 
     365 
     372 
     374 
     382 
     384 
     394 
     396 
     405 
     407 
     416 
     417 
     427 
     429 
     438 
     439 
     449 
     452 
     460 
     462 
     473 
     475 
     484 
     485 
     496 
     498 
     506 
     508 
     519 
     521 
     531 
     532 
     543 
     545 
     552 
     554 
     564 
     566 
     575 
     578 
     586 
     588 
     597 
     599 
     610 
     612 
     620 
     621 
     631 
     634 
     643 
     644 
     654 
     658 
     666 
     667 
     678 
     681 
     689 
     691 
     700 
     702 
     710 
     713 
     725 
     727 
     734 
     735 
     744 
     746 
     754 
     757 
     758 
     765 
     766 
     774 
     776 
     786 
     787 
     797 
     799 
     815 
     817 
     833 
     835 
     851 
     852 
     869 
     871 
     881 
     884 
     894 
     898 
     906 
     909 
     913 
     914 
     916 
     917 
     920 