     989    365   361     374

     990    361   358     372

     991    725   734     730

     992    730   734     740

     993    740   734     744

     994    730   740     735

     995    725   730     716

     996    716   730     727

     997    725   716     710

     998    429   417     423

     999    423   417     413

    1000    413   417     407

    1001    423   413     416

    1002    429   423     433

    1003    433   423     427

    1004    429   433     439

    1005    740   744     750

    1006    750   744     754

    1007    740   750     746

    1008    439   433     445

    1009    445   433     438

    1010    439   445     452

    1011    543   552     547

    1012    547   552     558

    1013    558   552     564

    1014    547   558     554

    1015    543   547     536

    1016    536   547     545

    1017    543   536     531

    1018    558   564     569

    1019    569   564     575

    1020    558   569     566

    1021    531   536     526

    1022    526   536     532

    1023    531   526     519

    1024    612   599     603

    1025    603   599     591

    1026    591   599     588

    1027    603   591     597

    1028    612   603     614

    1029    614   603     610

    1030    612   614     621

    1031    591   588     582

    1032    582   588     578

    1033    591   582     586

    1034    449   460     458

    1035    458   460     467

    1036    467   460     473

    1037    458   467     462

    1038    449   458     445

    1039    467   473     481

    1040    481   473     484

    1041    467   481     475

    1042    631   643     637

    1043    637   643     648

    1044    648   643     654

    1045    637   648     644

    1046    631   637     626

    1047    626   637     634

    1048    631   626     620

    1049    648   654     661

    1050    661   654     666

    1051    648   661     658

    1052    620   626     614

    1053    702   691     695

    1054    695   691     684

    1055    684   691     681

    1056    695   684     689

    1057    702   695     706

    1058    706   695     700

    1059    702   706     713

    1060    684   681     671

    1061    671   681     667

    1062    684   671     678

    1063    713   706     716

    1064    521   508     514

    1065    514   508     503

    1066    503   508     498

    1067    514   503     506

    1068    521   514     526

    1069    503   498     492

    1070    492   498     485

    1071    503   492     496

    1072    405   416     413

    1073    746   735     740

    1074    384   374     378

    1075    378   374     361

    1076    384   378     391

    1077    391   378     382

    1078    384   391     396

    1079    396   391     401

    1080    401   391     394

    1081    396   401     407

    1082    586   597     591

    1083    566   554     558

    1084    496   506     503

    1085    678   689     684

    1086    658   644     648

    1087    475   462     467

    1088    382   394     391

    1089    427   438     433

    1090    610   620     614

    1091    727   713     716

    1092    545   532     536

    1093    700   710     706

    1094    634   621     626

    1095    621   614     626

    1096    372   382     378

    1097    710   716     706

    1098    413   407     401

    1099    416   427     423

    1100    735   727     730

    1101    597   610     603

    1102    554   545     547

    1103    506   519     514

    1104    689   700     695

    1105    644   634     637

    1106    462   452     458

    1107    394   405     401

    1108    757   746     750

    1109    575   586     582

    1110    578   566     569

    1111    484   496     492

    1112    666   678     671

    1113    667   658     661

    1114    485   475     481

    1115    438   449     445

    1116    532   521     526

    1117    750   754     764

    1118    764   754     772

    1119    750   764     757

    1120    772   754     758

    1121    764   772     778

    1122    778   772     788

    1123    764   778     773

    1124    788   772     777

    1125    778   788     794

    1126    764   773     757

    1127    788   777     792

    1128    794   788     804

    1129    792   777     781

    1130    788   792     804

    1131    794   804     812

    1132    781   777     766

    1133    804   792     811

    1134    812   804     821

    1135    794   812     806

    1136    804   811     821

    1137    812   821     831

    1138    806   812     823

    1139    821   811     827

    1140    812   831     823

    1141    827   811     820

    1142    823   831     840

    1143    820   811     800

    1144    827   820     836

    1145    840   831     849

    1146    823   840     832

    1147    800   811     792

    1148    849   831     838

    1149    823   832     816

    1150    838   831     821

    1151    849   838     857

    1152    816   832     825

    1153    857   838     847

    1154    849   857     866

    1155    825   832     843

    1156    847   838     827

    1157    866   857     874

    1158    843   832     850

    1159    827   838     821

    1160    874   857     862

    1161    850   832     840

    1162    843   850     860

    1163    862   857     847

    1164    850   840     858

    1165    860   850     868

    1166    858   840     849

    1167    850   858     868

    1168    858   849     866

    1169    868   858     876

    1170    858   866     876

    1171    868   876     885

    1172    876   866     880

    1173    885   876     892

    1174    868   885     878

    1175    880   866     874

    1176    892   876     880

    1177    878   885     893

    1178    868   878     860

    1179    892   880     902

    1180    893   885     900

    1181    860   878     873

    1182    902   880     890

    1183    900   885     892

    1184    893   900     913

    1185    873   878     888

    1186    890   880     874

    1187    888   878     893

    1188    873   888     881

    1189    890   874     879

    1190    888   893     906

    1191    879   874     862

    1192    890   879     895

    1193    879   862     872

    1194    895   879     887

    1195    890   895     905

    1196    872   862     853

    1197    887   879     872

    1198    895   887     909

    1199    895   909     914

    1200    905   895     914

    1201    905   914     917

    1202    905   917     902

    1203    853   862     847

    1204    905   902     890

    1205    853   847     836

    1206    836   847     827

    1207    853   836     844

    1208    844   836     826

    1209    853   844     861

    1210    826   836     820

    1211    861   844     852

    1212    853   861     872

    1213    826   820     808

    1214    872   861     884

    1215    808   820     800

    1216    826   808     817

    1217    808   800     787

    1218    843   860     855

    1219    855   860     873

    1220    843   855     837

    1221    855   873     869

    1222    837   855     848

    1223    848   855     869

    1224    837   848     829

    1225    829   848     833

    1226    829   833     815

    1227    829   815     813

    1228    813   815     797

    1229    829   813     837

    1230    887   872     884

    1231    843   837     825

    1232    825   837     813

    1233    806   823     816

    1234    806   816     796

    1235    796   816     810

    1236    806   796     789

    1237    810   816     825

    1238    796   810     791

    1239    789   796     780

    1240    806   789     794

    1241    791   810     798

    1242    796   791     780

    1243    794   789     778

    1244    791   798     786

    1245    780   791     774

    1246    778   789     773

    1247    773   789     780

    1248    773   780     765

    1249    800   792     781

    1250    800   781     787

    1251    810   825     813

    1252    844   826     835

    1253    798   810     813

    1254    798   813     797

    1255    798   797     786

    1256    777   772     758

    1257    892   902     908

    1258    908   902     920

    1259    892   908     900

    1260    900   908     916

    1261    916   908     920

    1262    920   902     917

    1263    582   578     569

    1264    492   485     481

    1265    569   575     582

    1266    661   666     671

    1267    452   445     458

    1268    481   484     492

    1269    519   526     514

    1270    671   667     661

    1271    413   401     405

    1272    852   871     861

    1273    916   913     900

    1274    787   799     808

    1275    881   869     873

    1276    765   757     773

    1277    766   776     781

    1278    884   898     887

    1279    887   898     909

    1280    906   894     888

    1281    888   894     881

    1282    786   774     791

    1283    817   835     826

    1284    851   833     848

    1285    851   848     869

    1286    758   766     777

    1287    871   884     861

    1288    913   906     893

    1289    799   817     808

    1290    776   787     781

    1291    774   765     780

    1292    835   852     844

    1293    372   378     361