     358    0.60000    0.21000    0.00000 
     361    0.60000    0.20000    0.00000 
     365    0.60000    0.19000    0.00000 
     372    0.58997    0.21000    0.00000 
     374    0.58997    0.19000    0.00000 
     378    0.58580    0.19978    0.00000 
     382    0.57994    0.21000    0.00000 
     384    0.57994    0.19000    0.00000 
     391    0.57495    0.19867    0.00000 
     394    0.56991    0.21000    0.00000 
     396    0.56991    0.19000    0.00000 
     401    0.56495    0.19869    0.00000 
     405    0.55988    0.21000    0.00000 
     407    0.55988    0.19000    0.00000 
     413    0.55484    0.19867    0.00000 
     416    0.54986    0.21000    0.00000 
     417    0.54986    0.19000    0.00000 
     423    0.54484    0.19866    0.00000 
     427    0.53983    0.21000    0.00000 
     429    0.53983    0.19000    0.00000 
     433    0.53484    0.19867    0.00000 
     438    0.52980    0.21000    0.00000 
     439    0.52980    0.19000    0.00000 
     445    0.52483    0.19869    0.00000 
     449    0.51977    0.21000    0.00000 
     452    0.51977    0.19000    0.00000 
     458    0.51475    0.20134    0.00000 
     460    0.50974    0.21000    0.00000 
     462    0.50974    0.19000    0.00000 
     467    0.50475    0.20133    0.00000 
     473    0.49971    0.21000    0.00000 
     475    0.49971    0.19000    0.00000 
     481    0.49475    0.20131    0.00000 
     484    0.48968    0.21000    0.00000 
     485    0.48968    0.19000    0.00000 
     492    0.48462    0.19869    0.00000 
     496    0.47965    0.21000    0.00000 
     498    0.47965    0.19000    0.00000 
     503    0.47461    0.19867    0.00000 
     506    0.46962    0.21000    0.00000 
     508    0.46962    0.19000    0.00000 
     514    0.46461    0.19866    0.00000 
     519    0.45960    0.21000    0.00000 
     521    0.45960    0.19000    0.00000 
     526    0.45453    0.20131    0.00000 
     531    0.44957    0.21000    0.00000 
     532    0.44957    0.19000    0.00000 
     536    0.44453    0.20133    0.00000 
     543    0.43954    0.21000    0.00000 
     545    0.43954    0.19000    0.00000 
     547    0.43452    0.20134    0.00000 
     552    0.42951    0.21000    0.00000 
     554    0.42951    0.19000    0.00000 
     558    0.42452    0.20133    0.00000 
     564    0.41948    0.21000    0.00000 
     566    0.41948    0.19000    0.00000 
     569    0.41451    0.20131    0.00000 
     575    0.40945    0.21000    0.00000 
     578    0.40945    0.19000    0.00000 
     582    0.40439    0.19869    0.00000 
     586    0.39942    0.21000    0.00000 
     588    0.39942    0.19000    0.00000 
     591    0.39438    0.19867    0.00000 
     597    0.38939    0.21000    0.00000 
     599    0.38939    0.19000    0.00000 
     603    0.38438    0.19866    0.00000 
     610    0.37937    0.21000    0.00000 
     612    0.37937    0.19000    0.00000 
     614    0.37438    0.19867    0.00000 
     620    0.36934    0.21000    0.00000 
     621    0.36934    0.19000    0.00000 
     626    0.36429    0.20133    0.00000 
     631    0.35931    0.21000    0.00000 
     634    0.35931    0.19000    0.00000 
     637    0.35429    0.20134    0.00000 
     643    0.34928    0.21000    0.00000 
     644    0.34928    0.19000    0.00000 
     648    0.34429    0.20133    0.00000 
     654    0.33925    0.21000    0.00000 
     658    0.33925    0.19000    0.00000 
     661    0.33428    0.20131    0.00000 
     666    0.32922    0.21000    0.00000 
     667    0.32922    0.19000    0.00000 
     671    0.32416    0.19869    0.00000 
     678    0.31919    0.21000    0.00000 
     681    0.31919    0.19000    0.00000 
     684    0.31415    0.19867    0.00000 
     689    0.30916    0.21000    0.00000 
     691    0.30916    0.19000    0.00000 
     695    0.30415    0.19866    0.00000 
     700    0.29913    0.21000    0.00000 
     702    0.29913    0.19000    0.00000 
     706    0.29415    0.19867    0.00000 
     710    0.28911    0.21000    0.00000 
     713    0.28911    0.19000    0.00000 
     716    0.28406    0.20133    0.00000 
     725    0.27908    0.21000    0.00000 
     727    0.27908    0.19000    0.00000 
     730    0.27406    0.20134    0.00000 
     734    0.26905    0.21000    0.00000 
     735    0.26905    0.19000    0.00000 
     740    0.26406    0.20133    0.00000 
     744    0.25902    0.21000    0.00000 
     746    0.25902    0.19000    0.00000 
     750    0.25405    0.20131    0.00000 
     754    0.24899    0.21000    0.00000 
     757    0.24899    0.19000    0.00000 
     758    0.24597    0.21966    0.00000 
     764    0.24404    0.20130    0.00000 
     765    0.24597    0.18034    0.00000 
     766    0.24107    0.22852    0.00000 
     772    0.23899    0.20993    0.00000 
     773    0.23909    0.19261    0.00000 
     774    0.24107    0.17148    0.00000 
     776    0.23449    0.23620    0.00000 
     777    0.23393    0.21856    0.00000 
     778    0.23404    0.20124    0.00000 
     780    0.23414    0.18392    0.00000 
     781    0.22980    0.22855    0.00000 
     786    0.23449    0.16380    0.00000 
     787    0.22649    0.24241    0.00000 
     788    0.22899    0.20987    0.00000 
     789    0.22909    0.19255    0.00000 
     791    0.22919    0.17523    0.00000 
     792    0.22393    0.21850    0.00000 
     794    0.22404    0.20118    0.00000 
     796    0.22414    0.18386    0.00000 
     797    0.22649    0.15759    0.00000 
     798    0.22541    0.16695    0.00000 
     799    0.21741    0.24687    0.00000 
     800    0.21888    0.22713    0.00000 
     804    0.21899    0.20981    0.00000 
     806    0.21909    0.19249    0.00000 
     808    0.21385    0.23810    0.00000 
     810    0.21919    0.17517    0.00000 
     811    0.21393    0.21844    0.00000 
     812    0.21404    0.20112    0.00000 
     813    0.21767    0.16297    0.00000 
     815    0.21741    0.15313    0.00000 
     816    0.21414    0.18380    0.00000 
     817    0.20761    0.24942    0.00000 
     820    0.20888    0.22707    0.00000 
     821    0.20899    0.20975    0.00000 
     823    0.20909    0.19243    0.00000 
     825    0.20919    0.17511    0.00000 
     826    0.20333    0.23817    0.00000 
     827    0.20393    0.21838    0.00000 
     829    0.20930    0.15779    0.00000 
     831    0.20404    0.20106    0.00000 
     832    0.20414    0.18374    0.00000 
     833    0.20761    0.15058    0.00000 
     835    0.19750    0.24994    0.00000 
     836    0.19888    0.22701    0.00000 
     837    0.20425    0.16642    0.00000 
     838    0.19899    0.20969    0.00000 
     840    0.19909    0.19237    0.00000 
     843    0.19919    0.17505    0.00000 
     844    0.19322    0.23751    0.00000 
     847    0.19394    0.21832    0.00000 
     848    0.19930    0.15773    0.00000 
     849    0.19404    0.20100    0.00000 
     850    0.19414    0.18368    0.00000 
     851    0.19750    0.15006    0.00000 
     852    0.18750    0.24841    0.00000 
     853    0.18888    0.22695    0.00000 
     855    0.19425    0.16636    0.00000 
     857    0.18899    0.20963    0.00000 
     858    0.18909    0.19231    0.00000 
     860    0.18919    0.17499    0.00000 
     861    0.18275    0.23706    0.00000 
     862    0.18394    0.21826    0.00000 
     866    0.18404    0.20094    0.00000 
     868    0.18414    0.18362    0.00000 
     869    0.18750    0.15159    0.00000 
     871    0.17800    0.24490    0.00000 
     872    0.17888    0.22689    0.00000 
     873    0.18373    0.16487    0.00000 
     874    0.17899    0.20957    0.00000 
     876    0.17909    0.19225    0.00000 
     878    0.17919    0.17493    0.00000 
     879    0.17394    0.21820    0.00000 
     880    0.17404    0.20088    0.00000 
     881    0.17800    0.15510    0.00000 
     884    0.16941    0.23955    0.00000 
     885    0.17414    0.18356    0.00000 
     887    0.16888    0.22683    0.00000 
     888    0.17425    0.16624    0.00000 
     890    0.16899    0.20951    0.00000 
     892    0.16909    0.19219    0.00000 
     893    0.16919    0.17487    0.00000 
     894    0.16941    0.16045    0.00000 
     895    0.16394    0.21814    0.00000 
     898    0.16207    0.23258    0.00000 
     900    0.16414    0.18350    0.00000 
     902    0.16153    0.20059    0.00000 
     905    0.15899    0.20945    0.00000 
     906    0.16207    0.16742    0.00000 
     908    0.15909    0.19213    0.00000 
     909    0.15629    0.22428    0.00000 
     913    0.15629    0.17572    0.00000 
     914    0.15230    0.21497    0.00000 
     916    0.15230    0.18503    0.00000 
     917    0.15026    0.20506    0.00000 
     920    0.15026    0.19494    0.00000 