     358 0.0  0.0  0.0  
     361 0.0  0.0  0.0  
     365 0.0  0.0  0.0  
     372 0.0  0.0  0.0  
     374 0.0  0.0  0.0  
     382 0.0  0.0  0.0  
     384 0.0  0.0  0.0  
     394 0.0  0.0  0.0  
     396 0.0  0.0  0.0  
     405 0.0  0.0  0.0  
     407 0.0  0.0  0.0  
     416 0.0  0.0  0.0  
     417 0.0  0.0  0.0  
     427 0.0  0.0  0.0  
     429 0.0  0.0  0.0  
     438 0.0  0.0  0.0  
     439 0.0  0.0  0.0  
     449 0.0  0.0  0.0  
     452 0.0  0.0  0.0  
     460 0.0  0.0  0.0  
     462 0.0  0.0  0.0  
     473 0.0  0.0  0.0  
     475 0.0  0.0  0.0  
     484 0.0  0.0  0.0  
     485 0.0  0.0  0.0  
     496 0.0  0.0  0.0  
     498 0.0  0.0  0.0  
     506 0.0  0.0  0.0  
     508 0.0  0.0  0.0  
     519 0.0  0.0  0.0  
     521 0.0  0.0  0.0  
     531 0.0  0.0  0.0  
     532 0.0  0.0  0.0  
     543 0.0  0.0  0.0  
     545 0.0  0.0  0.0  
     552 0.0  0.0  0.0  
     554 0.0  0.0  0.0  
     564 0.0  0.0  0.0  
     566 0.0  0.0  0.0  
     575 0.0  0.0  0.0  
     578 0.0  0.0  0.0  
     586 0.0  0.0  0.0  
     588 0.0  0.0  0.0  
     597 0.0  0.0  0.0  
     599 0.0  0.0  0.0  
     610 0.0  0.0  0.0  
     612 0.0  0.0  0.0  
     620 0.0  0.0  0.0  
     621 0.0  0.0  0.0  
     631 0.0  0.0  0.0  
     634 0.0  0.0  0.0  
     643 0.0  0.0  0.0  
     644 0.0  0.0  0.0  
     654 0.0  0.0  0.0  
     658 0.0  0.0  0.0  
     666 0.0  0.0  0.0  
     667 0.0  0.0  0.0  
     678 0.0  0.0  0.0  
     681 0.0  0.0  0.0  
     689 0.0  0.0  0.0  
     691 0.0  0.0  0.0  
     700 0.0  0.0  0.0  
     702 0.0  0.0  0.0  
     710 0.0  0.0  0.0  
     713 0.0  0.0  0.0  
     725 0.0  0.0  0.0  
     727 0.0  0.0  0.0  
     734 0.0  0.0  0.0  
     735 0.0  0.0  0.0  
     744 0.0  0.0  0.0  
     746 0.0  0.0  0.0  
     754 0.0  0.0  0.0  
     757 0.0  0.0  0.0  