       1 
       2 
       5 
       9 
      15 
      24 
      35 
      47 
      60 
      63 
      64 
      66 
      72 
      74 
      75 
      83 
      86 
      88 
      95 
      97 
     103 
     108 
     112 
     119 
     120 
     127 
     128 
     135 
     139 
     144 
     148 
     151 
     159 
     160 
     169 
     170 
     179 
     181 
     189 
     193 
     200 
     204 
     211 
     216 
     221 
     226 
     229 
     233 
     237 
     243 
     247 
     253 
     257 
     264 
     266 
     273 
     275 
     282 
     284 
     293 
     294 
     329 
     330 
     394 
     401 
     466 
     481 
     540 
     559 
     610 
     638 
     683 
     721 
     759 
     801 
     832 
     884 
     909 
     962 
     983 
    1050 
    1065 
    1152 
    1161 
    1254 
    1259 
    1351 
    1353 
    1447 
    1456 
    1542 
    1555 
    1640 
    1659 
    1739 
    1761  
    1793 
    1801 
    1804 
    1813 
    1815 
    1828 
    1829 
    1846 
    1847 
    1857 
    1859 
    1864 
    1874 
    1877 
    1885 
    1892 
    1895 
    1905 
    1912 
    1922 
    1926 
    1940 
    1946 
    1947 
    1956 
    1959 
    1973 
    1974 
    1978 
    1984 
    1987 
    1990 
    2044 
    2065 
    2111 
    2118 
    2130 
    2131 
    2140 