    1027 
    1028 
    1030 
    1033 
    1041 
    1044 
    1059 
    1063 
    1076 
    1080 
    1092 
    1097 
    1108 
    1111 
    1122 
    1125 
    1137 
    1142 
    1155 
    1159 
    1173 
    1177 
    1188 
    1191 
    1205 
    1208 
    1218 
    1221 
    1235 
    1239 
    1251 
    1256 
    1268 
    1271 
    1282 
    1286 
    1299 
    1303 
    1316 
    1321 
    1333 
    1334 
    1347 
    1349 
    1363 
    1367 
    1377 
    1382 
    1394 
    1397 
    1407 
    1412 
    1424 
    1427 
    1440 
    1444 
    1457 
    1461 
    1472 
    1476 
    1487 
    1490 
    1504 
    1506 
    1518 
    1521 
    1534 
    1537 
    1551 
    1554 
    1569 
    1570 
    1582 
    1583 
    1596 
    1600 
    1611 
    1617 
    1628 
    1632 
    1647 
    1648 
    1661 
    1664 
    1677 
    1680 
    1693 
    1694 
    1709 
    1711 
    1721 
    1726 
    1738 
    1744 
    1753 
    1759 
    1763 
    1767 
    1768 
    1774 
    1775 
    1784 
    1790 
    1795 