    1027    0.60000    0.21000    0.00000 
    1028    0.60000    0.20333    0.00000 
    1030    0.60000    0.19667    0.00000 
    1033    0.60000    0.19000    0.00000 
    1041    0.59253    0.21000    0.00000 
    1042    0.59350    0.20000    0.00000 
    1044    0.59253    0.19000    0.00000 
    1052    0.58825    0.20400    0.00000 
    1057    0.58700    0.19733    0.00000 
    1059    0.58506    0.21000    0.00000 
    1063    0.58506    0.19000    0.00000 
    1068    0.58133    0.20350    0.00000 
    1071    0.58133    0.19650    0.00000 
    1076    0.57760    0.21000    0.00000 
    1080    0.57760    0.19000    0.00000 
    1084    0.57386    0.20350    0.00000 
    1086    0.57386    0.19650    0.00000 
    1092    0.57013    0.21000    0.00000 
    1097    0.57013    0.19000    0.00000 
    1101    0.56639    0.20350    0.00000 
    1103    0.56639    0.19650    0.00000 
    1108    0.56266    0.21000    0.00000 
    1111    0.56266    0.19000    0.00000 
    1115    0.55892    0.20350    0.00000 
    1119    0.55892    0.19650    0.00000 
    1122    0.55519    0.21000    0.00000 
    1125    0.55519    0.19000    0.00000 
    1130    0.55146    0.20350    0.00000 
    1134    0.55146    0.19650    0.00000 
    1137    0.54772    0.21000    0.00000 
    1142    0.54772    0.19000    0.00000 
    1147    0.54399    0.20350    0.00000 
    1149    0.54399    0.19650    0.00000 
    1155    0.54025    0.21000    0.00000 
    1159    0.54025    0.19000    0.00000 
    1166    0.53652    0.20350    0.00000 
    1167    0.53652    0.19650    0.00000 
    1173    0.53279    0.21000    0.00000 
    1177    0.53279    0.19000    0.00000 
    1181    0.52905    0.20350    0.00000 
    1183    0.52905    0.19650    0.00000 
    1188    0.52532    0.21000    0.00000 
    1191    0.52532    0.19000    0.00000 
    1197    0.52158    0.20350    0.00000 
    1199    0.52158    0.19650    0.00000 
    1205    0.51785    0.21000    0.00000 
    1208    0.51785    0.19000    0.00000 
    1213    0.51411    0.20350    0.00000 
    1214    0.51411    0.19650    0.00000 
    1218    0.51038    0.21000    0.00000 
    1221    0.51038    0.19000    0.00000 
    1229    0.50665    0.20350    0.00000 
    1231    0.50665    0.19650    0.00000 
    1235    0.50291    0.21000    0.00000 
    1239    0.50291    0.19000    0.00000 
    1243    0.49918    0.20350    0.00000 
    1247    0.49918    0.19650    0.00000 
    1251    0.49544    0.21000    0.00000 
    1256    0.49544    0.19000    0.00000 
    1262    0.49171    0.20350    0.00000 
    1264    0.49171    0.19650    0.00000 
    1268    0.48798    0.21000    0.00000 
    1271    0.48798    0.19000    0.00000 
    1276    0.48424    0.20350    0.00000 
    1277    0.48424    0.19650    0.00000 
    1282    0.48051    0.21000    0.00000 
    1286    0.48051    0.19000    0.00000 
    1291    0.47677    0.20350    0.00000 
    1293    0.47677    0.19650    0.00000 
    1299    0.47304    0.21000    0.00000 
    1303    0.47304    0.19000    0.00000 
    1309    0.46930    0.20350    0.00000 
    1310    0.46930    0.19650    0.00000 
    1316    0.46557    0.21000    0.00000 
    1321    0.46557    0.19000    0.00000 
    1325    0.46184    0.20350    0.00000 
    1326    0.46184    0.19650    0.00000 
    1333    0.45810    0.21000    0.00000 
    1334    0.45810    0.19000    0.00000 
    1340    0.45437    0.20350    0.00000 
    1342    0.45437    0.19650    0.00000 
    1347    0.45063    0.21000    0.00000 
    1349    0.45063    0.19000    0.00000 
    1356    0.44690    0.20350    0.00000 
    1359    0.44690    0.19650    0.00000 
    1363    0.44317    0.21000    0.00000 
    1367    0.44317    0.19000    0.00000 
    1371    0.43943    0.20350    0.00000 
    1374    0.43943    0.19650    0.00000 
    1377    0.43570    0.21000    0.00000 
    1382    0.43570    0.19000    0.00000 
    1387    0.43196    0.20350    0.00000 
    1388    0.43196    0.19650    0.00000 
    1394    0.42823    0.21000    0.00000 
    1397    0.42823    0.19000    0.00000 
    1402    0.42449    0.20350    0.00000 
    1403    0.42449    0.19650    0.00000 
    1407    0.42076    0.21000    0.00000 
    1412    0.42076    0.19000    0.00000 
    1416    0.41703    0.20350    0.00000 
    1418    0.41703    0.19650    0.00000 
    1424    0.41329    0.21000    0.00000 
    1427    0.41329    0.19000    0.00000 
    1433    0.40956    0.20350    0.00000 
    1434    0.40956    0.19650    0.00000 
    1440    0.40582    0.21000    0.00000 
    1444    0.40582    0.19000    0.00000 
    1450    0.40209    0.20350    0.00000 
    1452    0.40209    0.19649    0.00000 
    1457    0.39836    0.21000    0.00000 
    1461    0.39836    0.19000    0.00000 
    1464    0.39462    0.20350    0.00000 
    1466    0.39462    0.19649    0.00000 
    1472    0.39089    0.21000    0.00000 
    1476    0.39089    0.19000    0.00000 
    1482    0.38715    0.20350    0.00000 
    1483    0.38715    0.19649    0.00000 
    1487    0.38342    0.21000    0.00000 
    1490    0.38342    0.19000    0.00000 
    1494    0.37969    0.20350    0.00000 
    1498    0.37969    0.19649    0.00000 
    1504    0.37595    0.21000    0.00000 
    1506    0.37595    0.19000    0.00000 
    1511    0.37222    0.20350    0.00000 
    1513    0.37222    0.19649    0.00000 
    1518    0.36848    0.21000    0.00000 
    1521    0.36848    0.19000    0.00000 
    1528    0.36475    0.20350    0.00000 
    1529    0.36475    0.19649    0.00000 
    1534    0.36101    0.21000    0.00000 
    1537    0.36101    0.19000    0.00000 
    1543    0.35728    0.20350    0.00000 
    1544    0.35728    0.19649    0.00000 
    1551    0.35355    0.21000    0.00000 
    1554    0.35355    0.19000    0.00000 
    1560    0.34981    0.20350    0.00000 
    1562    0.34981    0.19649    0.00000 
    1569    0.34608    0.21000    0.00000 
    1570    0.34608    0.19000    0.00000 
    1575    0.34234    0.20350    0.00000 
    1578    0.34234    0.19649    0.00000 
    1582    0.33861    0.21000    0.00000 
    1583    0.33861    0.19000    0.00000 
    1591    0.33488    0.20350    0.00000 
    1592    0.33488    0.19649    0.00000 
    1596    0.33114    0.21000    0.00000 
    1600    0.33114    0.19000    0.00000 
    1607    0.32741    0.20350    0.00000 
    1608    0.32741    0.19649    0.00000 
    1611    0.32367    0.21000    0.00000 
    1617    0.32367    0.19000    0.00000 
    1621    0.31994    0.20350    0.00000 
    1623    0.31994    0.19649    0.00000 
    1628    0.31620    0.21000    0.00000 
    1632    0.31620    0.19000    0.00000 
    1636    0.31247    0.20350    0.00000 
    1638    0.31247    0.19649    0.00000 
    1647    0.30874    0.21000    0.00000 
    1648    0.30874    0.19000    0.00000 
    1652    0.30500    0.20350    0.00000 
    1656    0.30500    0.19649    0.00000 
    1661    0.30127    0.21000    0.00000 
    1664    0.30127    0.19000    0.00000 
    1669    0.29753    0.20350    0.00000 
    1673    0.29753    0.19649    0.00000 
    1677    0.29380    0.21000    0.00000 
    1680    0.29380    0.19000    0.00000 
    1685    0.29007    0.20350    0.00000 
    1687    0.29007    0.19649    0.00000 
    1693    0.28633    0.21000    0.00000 
    1694    0.28633    0.19000    0.00000 
    1701    0.28260    0.20350    0.00000 
    1703    0.28260    0.19649    0.00000 
    1709    0.27886    0.21000    0.00000 
    1711    0.27886    0.19000    0.00000 
    1716    0.27513    0.20350    0.00000 
    1717    0.27513    0.19649    0.00000 
    1721    0.27139    0.21000    0.00000 
    1726    0.27139    0.19000    0.00000 
    1732    0.26766    0.20350    0.00000 
    1733    0.26766    0.19649    0.00000 
    1738    0.26393    0.21000    0.00000 
    1744    0.26393    0.19000    0.00000 
    1745    0.26019    0.20350    0.00000 
    1747    0.26019    0.19649    0.00000 
    1753    0.25646    0.21000    0.00000 
    1759    0.25646    0.19000    0.00000 
    1763    0.25372    0.21000    0.00000 
    1767    0.25211    0.21000    0.00000 
    1768    0.25372    0.19000    0.00000 
    1774    0.25211    0.19000    0.00000 
    1775    0.25003    0.21000    0.00000 
    1779    0.24957    0.20615    0.00000 
    1780    0.24988    0.20339    0.00000 
    1781    0.24935    0.20803    0.00000 
    1782    0.25000    0.20000    0.00000 
    1784    0.24899    0.21000    0.00000 
    1786    0.24988    0.19661    0.00000 
    1788    0.24958    0.19388    0.00000 
    1790    0.25003    0.19000    0.00000 
    1791    0.24935    0.19197    0.00000 
    1795    0.24899    0.19000    0.00000 