       1   1033  1030    1044

       2   1030  1028    1042

       3   1028  1027    1041

       4   1042  1028    1041

       5   1030  1042    1044

       6   1534  1551    1543

       7   1506  1490    1498

       8   1282  1299    1291

       9   1759  1744    1747

      10   1256  1239    1247

      11   1155  1173    1166

      12   1661  1677    1669

      13   1382  1367    1374

      14   1407  1424    1416

      15   1632  1617    1623

      16   1125  1111    1119

      17   1092  1108    1101

      18   1596  1611    1607

      19   1444  1427    1434

      20   1347  1363    1356

      21   1694  1680    1687

      22   1191  1177    1183

      23   1218  1235    1229

      24   1721  1738    1732

      25   1321  1303    1310

      26   1472  1487    1482

      27   1570  1554    1562

      28   1063  1044    1057

      29   1059  1076    1068

      30   1569  1582    1575

      31   1476  1461    1466

      32   1316  1333    1325

      33   1726  1711    1717

      34   1221  1208    1214

      35   1188  1205    1197

      36   1693  1709    1701

      37   1349  1334    1342

      38   1440  1457    1450

      39   1600  1583    1592

      40   1097  1080    1086

      41   1122  1137    1130

      42   1628  1647    1636

      43   1412  1397    1403

      44   1377  1394    1387

      45   1664  1648    1656

      46   1159  1142    1149

      47   1251  1268    1262

      48   1753  1780    1782

      49   1286  1271    1277

      50   1504  1518    1511

      51   1537  1521    1529

      52   1041  1059    1052

      53   1551  1569    1560

      54   1490  1476    1483

      55   1299  1316    1309

      56   1744  1726    1733

      57   1239  1221    1231

      58   1173  1188    1181

      59   1677  1693    1685

      60   1367  1349    1359

      61   1424  1440    1433

      62   1617  1600    1608

      63   1111  1097    1103

      64   1108  1122    1115

      65   1611  1628    1621

      66   1427  1412    1418

      67   1363  1377    1371

      68   1680  1664    1673

      69   1177  1159    1167

      70   1235  1251    1243

      71   1738  1753    1745

      72   1303  1286    1293

      73   1487  1504    1494

      74   1554  1537    1544

      75   1076  1092    1084

      76   1582  1596    1591

      77   1461  1444    1452

      78   1333  1347    1340

      79   1711  1694    1703

      80   1208  1191    1199

      81   1205  1218    1213

      82   1709  1721    1716

      83   1334  1321    1326

      84   1457  1472    1464

      85   1583  1570    1578

      86   1080  1063    1071

      87   1137  1155    1147

      88   1647  1661    1652

      89   1397  1382    1388

      90   1394  1407    1402

      91   1648  1632    1638

      92   1142  1125    1134

      93   1268  1282    1276

      94   1786  1759    1782

      95   1271  1256    1264

      96   1518  1534    1528

      97   1521  1506    1513

      98   1543  1551    1560

      99   1543  1560    1544

     100   1543  1544    1529

     101   1529  1544    1537

     102   1450  1457    1464

     103   1450  1464    1452

     104   1450  1452    1434

     105   1434  1452    1444

     106   1745  1753    1782

     107   1183  1177    1167

     108   1183  1167    1181

     109   1183  1181    1197

     110   1197  1181    1188

     111   1309  1316    1325

     112   1309  1325    1310

     113   1309  1310    1293

     114   1293  1310    1303

     115   1147  1155    1166

     116   1147  1166    1149

     117   1147  1149    1134

     118   1134  1149    1142

     119   1416  1424    1433

     120   1416  1433    1418

     121   1416  1418    1403

     122   1403  1418    1412

     123   1703  1694    1687

     124   1703  1687    1701

     125   1703  1701    1716

     126   1716  1701    1709

     127   1575  1582    1591

     128   1575  1591    1578

     129   1575  1578    1562

     130   1562  1578    1570

     131   1103  1097    1086

     132   1103  1086    1101

     133   1103  1101    1115

     134   1115  1101    1108

     135   1528  1534    1543

     136   1528  1543    1529

     137   1528  1529    1513

     138   1513  1529    1521

     139   1247  1239    1231

     140   1247  1231    1243

     141   1247  1243    1262

     142   1262  1243    1251

     143   1636  1647    1652

     144   1636  1652    1638

     145   1636  1638    1623

     146   1623  1638    1632

     147   1084  1092    1101

     148   1084  1101    1086

     149   1084  1086    1071

     150   1071  1086    1080

     151   1482  1487    1494

     152   1482  1494    1483

     153   1482  1483    1466

     154   1466  1483    1476

     155   1685  1693    1701

     156   1685  1701    1687

     157   1685  1687    1673

     158   1673  1687    1680

     159   1607  1611    1621

     160   1607  1621    1608

     161   1607  1608    1592

     162   1592  1608    1600

     163   1326  1321    1310

     164   1326  1310    1325

     165   1326  1325    1340

     166   1340  1325    1333

     167   1214  1208    1199

     168   1214  1199    1213

     169   1214  1213    1229

     170   1229  1213    1218

     171   1371  1377    1387

     172   1371  1387    1374

     173   1371  1374    1359

     174   1359  1374    1367

     175   1291  1299    1309

     176   1291  1309    1293

     177   1291  1293    1277

     178   1277  1293    1286

     179   1494  1504    1511

     180   1494  1511    1498

     181   1494  1498    1483

     182   1483  1498    1490

     183   1732  1738    1745

     184   1732  1745    1733

     185   1732  1733    1717

     186   1717  1733    1726

     187   1231  1221    1214

     188   1231  1214    1229

     189   1231  1229    1243

     190   1243  1229    1235

     191   1388  1382    1374

     192   1388  1374    1387

     193   1388  1387    1402

     194   1402  1387    1394

     195   1119  1111    1103

     196   1119  1103    1115

     197   1119  1115    1130

     198   1130  1115    1122

     199   1277  1271    1264

     200   1277  1264    1276

     201   1277  1276    1291

     202   1291  1276    1282

     203   1621  1628    1636

     204   1621  1636    1623

     205   1621  1623    1608

     206   1608  1623    1617

     207   1669  1677    1685

     208   1669  1685    1673

     209   1669  1673    1656

     210   1656  1673    1664

     211   1057  1044    1042

     212   1057  1042    1052

     213   1052  1042    1041

     214   1057  1052    1068

     215   1068  1052    1059

     216   1433  1440    1450

     217   1433  1450    1434

     218   1433  1434    1418

     219   1418  1434    1427

     220   1356  1363    1371

     221   1356  1371    1359

     222   1356  1359    1342

     223   1342  1359    1349

     224   1560  1569    1575

     225   1560  1575    1562

     226   1560  1562    1544

     227   1544  1562    1554

     228   1167  1159    1149

     229   1167  1149    1166

     230   1167  1166    1181

     231   1181  1166    1173

     232   1592  1583    1578

     233   1592  1578    1591

     234   1592  1591    1607

     235   1607  1591    1596

     236   1652  1661    1669

     237   1652  1669    1656

     238   1652  1656    1638

     239   1638  1656    1648

     240   1262  1268    1276

     241   1262  1276    1264

     242   1262  1264    1247

     243   1247  1264    1256

     244   1199  1191    1183

     245   1199  1183    1197

     246   1199  1197    1213

     247   1213  1197    1205

     248   1466  1461    1452

     249   1466  1452    1464

     250   1466  1464    1482

     251   1482  1464    1472

     252   1513  1506    1498

     253   1513  1498    1511

     254   1513  1511    1528

     255   1528  1511    1518

     256   1403  1397    1388

     257   1403  1388    1402

     258   1403  1402    1416

     259   1416  1402    1407

     260   1134  1125    1119

     261   1134  1119    1130

     262   1134  1130    1147

     263   1147  1130    1137

     264   1747  1744    1733

     265   1747  1733    1745

     266   1747  1745    1782

     267   1716  1721    1732

     268   1716  1732    1717

     269   1716  1717    1703

     270   1703  1717    1711

     271   1340  1347    1356

     272   1340  1356    1342

     273   1340  1342    1326

     274   1326  1342    1334

     275   1068  1076    1084

     276   1068  1084    1071

     277   1068  1071    1057

     278   1057  1071    1063

     279   1759  1747    1782

     280   1768  1759    1786

     281   1753  1763    1780

     282   1791  1795    1790

     283   1784  1781    1775

     284   1775  1781    1767

     285   1791  1790    1774

     286   1767  1781    1779

     287   1791  1774    1788

     288   1788  1774    1786

     289   1767  1779    1780

     290   1786  1774    1768

     291   1767  1780    1763