    1027 0.0  0.0  0.0  
    1028 0.0  0.0  0.0  
    1030 0.0  0.0  0.0  
    1033 0.0  0.0  0.0  
    1041 0.0  0.0  0.0  
    1044 0.0  0.0  0.0  
    1059 0.0  0.0  0.0  
    1063 0.0  0.0  0.0  
    1076 0.0  0.0  0.0  
    1080 0.0  0.0  0.0  
    1092 0.0  0.0  0.0  
    1097 0.0  0.0  0.0  
    1108 0.0  0.0  0.0  
    1111 0.0  0.0  0.0  
    1122 0.0  0.0  0.0  
    1125 0.0  0.0  0.0  
    1137 0.0  0.0  0.0  
    1142 0.0  0.0  0.0  
    1155 0.0  0.0  0.0  
    1159 0.0  0.0  0.0  
    1173 0.0  0.0  0.0  
    1177 0.0  0.0  0.0  
    1188 0.0  0.0  0.0  
    1191 0.0  0.0  0.0  
    1205 0.0  0.0  0.0  
    1208 0.0  0.0  0.0  
    1218 0.0  0.0  0.0  
    1221 0.0  0.0  0.0  
    1235 0.0  0.0  0.0  
    1239 0.0  0.0  0.0  
    1251 0.0  0.0  0.0  
    1256 0.0  0.0  0.0  
    1268 0.0  0.0  0.0  
    1271 0.0  0.0  0.0  
    1282 0.0  0.0  0.0  
    1286 0.0  0.0  0.0  
    1299 0.0  0.0  0.0  
    1303 0.0  0.0  0.0  
    1316 0.0  0.0  0.0  
    1321 0.0  0.0  0.0  
    1333 0.0  0.0  0.0  
    1334 0.0  0.0  0.0  
    1347 0.0  0.0  0.0  
    1349 0.0  0.0  0.0  
    1363 0.0  0.0  0.0  
    1367 0.0  0.0  0.0  
    1377 0.0  0.0  0.0  
    1382 0.0  0.0  0.0  
    1394 0.0  0.0  0.0  
    1397 0.0  0.0  0.0  
    1407 0.0  0.0  0.0  
    1412 0.0  0.0  0.0  
    1424 0.0  0.0  0.0  
    1427 0.0  0.0  0.0  
    1440 0.0  0.0  0.0  
    1444 0.0  0.0  0.0  
    1457 0.0  0.0  0.0  
    1461 0.0  0.0  0.0  
    1472 0.0  0.0  0.0  
    1476 0.0  0.0  0.0  
    1487 0.0  0.0  0.0  
    1490 0.0  0.0  0.0  
    1504 0.0  0.0  0.0  
    1506 0.0  0.0  0.0  
    1518 0.0  0.0  0.0  
    1521 0.0  0.0  0.0  
    1534 0.0  0.0  0.0  
    1537 0.0  0.0  0.0  
    1551 0.0  0.0  0.0  
    1554 0.0  0.0  0.0  
    1569 0.0  0.0  0.0  
    1570 0.0  0.0  0.0  
    1582 0.0  0.0  0.0  
    1583 0.0  0.0  0.0  
    1596 0.0  0.0  0.0  
    1600 0.0  0.0  0.0  
    1611 0.0  0.0  0.0  
    1617 0.0  0.0  0.0  
    1628 0.0  0.0  0.0  
    1632 0.0  0.0  0.0  
    1647 0.0  0.0  0.0  
    1648 0.0  0.0  0.0  
    1661 0.0  0.0  0.0  
    1664 0.0  0.0  0.0  
    1677 0.0  0.0  0.0  
    1680 0.0  0.0  0.0  
    1693 0.0  0.0  0.0  
    1694 0.0  0.0  0.0  
    1709 0.0  0.0  0.0  
    1711 0.0  0.0  0.0  
    1721 0.0  0.0  0.0  
    1726 0.0  0.0  0.0  
    1738 0.0  0.0  0.0  
    1744 0.0  0.0  0.0  
    1753 0.0  0.0  0.0  
    1759 0.0  0.0  0.0  
    1763 0.0  0.0  0.0  
    1767 0.0  0.0  0.0  
    1768 0.0  0.0  0.0  
    1774 0.0  0.0  0.0  
    1775 0.0  0.0  0.0  
    1784 0.0  0.0  0.0  
    1790 0.0  0.0  0.0  
    1795 0.0  0.0  0.0  