       1 
       2 
       6 
      12 
      22 
      35 
      53 
      75 
      94 
     117 
     141 
     147 
     149 
     153 
     159 
     166 
     168 
     178 
     188 
     192 
     199 
     211 
     215 
     226 
     234 
     242 
     255 
     256 
     270 
     273 
     285 
     297 
     299 
     311 
     316 
     334 
     335 
     348 
     352 
     364 
     371 
     382 
     390 
     397 
     410 
     416 
     428 
     432 
     446 
     450 
     467 
     468 
     482 
     483 
     502 
     505 
     520 
     523 
     536 
     542 
     556 
     560 
     572 
     578 
     589 
     597 
     606 
     615 
     626 
     633 
     642 
     654 
     661 
     671 
     680 
     689 
     697 
     709 
     715 
     727 
     731 
     743 
     750 
     763 
     766 
     782 
     785 
     799 
     804 
     820 
     822 
     838 
     840 
     853 
     857 
     888 
     891 
     923 
     928 
     962 
     964 
    1000 
    1001 
    1036 
    1037 
    1072 
    1073 
    1111 
    1113 
    1147 
    1149 
    1184 
    1186 
    1242 
    1248 
    1306 
    1317 
    1360 
    1361 
    1387 
    1389 
    1404 
    1409 
    1421 
    1422 
    1435 