     865    0.60000    0.21000    0.00000 
     866    0.60000    0.20000    0.00000 
     868    0.60000    0.19000    0.00000 
     874    0.58997    0.21000    0.00000 
     875    0.58997    0.19000    0.00000 
     878    0.58580    0.19978    0.00000 
     883    0.57994    0.21000    0.00000 
     885    0.57994    0.19000    0.00000 
     889    0.57495    0.19867    0.00000 
     893    0.56991    0.21000    0.00000 
     894    0.56991    0.19000    0.00000 
     898    0.56495    0.19869    0.00000 
     900    0.55988    0.21000    0.00000 
     903    0.55988    0.19000    0.00000 
     906    0.55484    0.19867    0.00000 
     909    0.54986    0.21000    0.00000 
     912    0.54986    0.19000    0.00000 
     915    0.54484    0.19866    0.00000 
     917    0.53983    0.21000    0.00000 
     918    0.53983    0.19000    0.00000 
     924    0.53484    0.19867    0.00000 
     929    0.52980    0.21000    0.00000 
     931    0.52980    0.19000    0.00000 
     933    0.52483    0.19869    0.00000 
     937    0.51977    0.21000    0.00000 
     939    0.51977    0.19000    0.00000 
     943    0.51475    0.20134    0.00000 
     946    0.50974    0.21000    0.00000 
     948    0.50974    0.19000    0.00000 
     951    0.50475    0.20133    0.00000 
     955    0.49971    0.21000    0.00000 
     957    0.49971    0.19000    0.00000 
     961    0.49475    0.20131    0.00000 
     966    0.48968    0.21000    0.00000 
     968    0.48968    0.19000    0.00000 
     972    0.48462    0.19869    0.00000 
     975    0.47965    0.21000    0.00000 
     977    0.47965    0.19000    0.00000 
     981    0.47461    0.19867    0.00000 
     984    0.46962    0.21000    0.00000 
     986    0.46962    0.19000    0.00000 
     989    0.46461    0.19866    0.00000 
     992    0.45960    0.21000    0.00000 
     996    0.45960    0.19000    0.00000 
     999    0.45453    0.20131    0.00000 
    1004    0.44957    0.21000    0.00000 
    1006    0.44957    0.19000    0.00000 
    1009    0.44453    0.20133    0.00000 
    1012    0.43954    0.21000    0.00000 
    1014    0.43954    0.19000    0.00000 
    1016    0.43452    0.20134    0.00000 
    1021    0.42951    0.21000    0.00000 
    1024    0.42951    0.19000    0.00000 
    1027    0.42452    0.20133    0.00000 
    1030    0.41948    0.21000    0.00000 
    1032    0.41948    0.19000    0.00000 
    1035    0.41451    0.20131    0.00000 
    1040    0.40945    0.21000    0.00000 
    1042    0.40945    0.19000    0.00000 
    1046    0.40439    0.19869    0.00000 
    1049    0.39942    0.21000    0.00000 
    1052    0.39942    0.19000    0.00000 
    1054    0.39438    0.19867    0.00000 
    1058    0.38939    0.21000    0.00000 
    1060    0.38939    0.19000    0.00000 
    1065    0.38438    0.19866    0.00000 
    1067    0.37936    0.21000    0.00000 
    1069    0.37936    0.19000    0.00000 
    1071    0.37438    0.19867    0.00000 
    1077    0.36934    0.21000    0.00000 
    1080    0.36934    0.19000    0.00000 
    1083    0.36429    0.20133    0.00000 
    1086    0.35931    0.21000    0.00000 
    1088    0.35931    0.19000    0.00000 
    1092    0.35429    0.20134    0.00000 
    1095    0.34928    0.21000    0.00000 
    1097    0.34928    0.19000    0.00000 
    1100    0.34429    0.20133    0.00000 
    1104    0.33925    0.21000    0.00000 
    1107    0.33925    0.19000    0.00000 
    1110    0.33428    0.20131    0.00000 
    1115    0.32922    0.21000    0.00000 
    1117    0.32922    0.19000    0.00000 
    1120    0.32416    0.19869    0.00000 
    1124    0.31919    0.21000    0.00000 
    1126    0.31919    0.19000    0.00000 
    1129    0.31415    0.19867    0.00000 
    1133    0.30916    0.21000    0.00000 
    1136    0.30916    0.19000    0.00000 
    1138    0.30415    0.19866    0.00000 
    1142    0.29913    0.21000    0.00000 
    1144    0.29913    0.19000    0.00000 
    1148    0.29415    0.19867    0.00000 
    1153    0.28911    0.21000    0.00000 
    1155    0.28911    0.19000    0.00000 
    1157    0.28406    0.20133    0.00000 
    1161    0.27908    0.21000    0.00000 
    1164    0.27908    0.19000    0.00000 
    1166    0.27406    0.20134    0.00000 
    1170    0.26905    0.21000    0.00000 
    1172    0.26905    0.19000    0.00000 
    1176    0.26406    0.20133    0.00000 
    1178    0.25902    0.21000    0.00000 
    1182    0.25902    0.19000    0.00000 
    1185    0.25405    0.20131    0.00000 
    1190    0.24899    0.21000    0.00000 
    1194    0.24899    0.19000    0.00000 
    1195    0.24597    0.21966    0.00000 
    1198    0.24404    0.20130    0.00000 
    1199    0.24597    0.18034    0.00000 
    1200    0.24107    0.22852    0.00000 
    1204    0.23899    0.20993    0.00000 
    1205    0.23909    0.19261    0.00000 
    1206    0.24107    0.17148    0.00000 
    1207    0.23449    0.23620    0.00000 
    1208    0.23393    0.21856    0.00000 
    1210    0.23404    0.20124    0.00000 
    1212    0.23414    0.18392    0.00000 
    1213    0.22980    0.22855    0.00000 
    1216    0.23449    0.16380    0.00000 
    1217    0.22649    0.24241    0.00000 
    1218    0.22899    0.20987    0.00000 
    1221    0.22909    0.19255    0.00000 
    1222    0.22919    0.17523    0.00000 
    1223    0.22393    0.21850    0.00000 
    1224    0.22404    0.20118    0.00000 
    1225    0.22414    0.18386    0.00000 
    1226    0.22649    0.15759    0.00000 
    1227    0.22541    0.16695    0.00000 
    1228    0.21741    0.24687    0.00000 
    1229    0.21888    0.22713    0.00000 
    1232    0.21899    0.20981    0.00000 
    1235    0.21909    0.19249    0.00000 
    1237    0.21385    0.23810    0.00000 
    1238    0.21919    0.17517    0.00000 
    1240    0.21393    0.21844    0.00000 
    1243    0.21404    0.20112    0.00000 
    1244    0.21767    0.16297    0.00000 
    1245    0.21741    0.15313    0.00000 
    1246    0.21414    0.18380    0.00000 
    1247    0.20761    0.24942    0.00000 
    1249    0.20888    0.22707    0.00000 
    1251    0.20899    0.20975    0.00000 
    1253    0.20909    0.19243    0.00000 
    1255    0.20919    0.17511    0.00000 
    1256    0.20333    0.23817    0.00000 
    1257    0.20393    0.21838    0.00000 
    1258    0.20930    0.15779    0.00000 
    1259    0.20404    0.20106    0.00000 
    1261    0.20414    0.18374    0.00000 
    1262    0.20761    0.15058    0.00000 
    1265    0.19750    0.24994    0.00000 
    1266    0.19888    0.22701    0.00000 
    1267    0.20425    0.16642    0.00000 
    1268    0.19899    0.20969    0.00000 
    1270    0.19909    0.19237    0.00000 
    1272    0.19919    0.17505    0.00000 
    1273    0.19322    0.23751    0.00000 
    1275    0.19394    0.21832    0.00000 
    1276    0.19930    0.15773    0.00000 
    1277    0.19404    0.20100    0.00000 
    1278    0.19414    0.18368    0.00000 
    1279    0.19750    0.15006    0.00000 
    1280    0.18750    0.24841    0.00000 
    1281    0.18888    0.22695    0.00000 
    1282    0.19425    0.16636    0.00000 
    1284    0.18899    0.20963    0.00000 
    1286    0.18909    0.19231    0.00000 
    1289    0.18919    0.17499    0.00000 
    1291    0.18275    0.23706    0.00000 
    1292    0.18394    0.21826    0.00000 
    1294    0.18404    0.20094    0.00000 
    1296    0.18414    0.18362    0.00000 
    1297    0.18750    0.15159    0.00000 
    1298    0.17800    0.24490    0.00000 
    1299    0.17888    0.22689    0.00000 
    1300    0.18373    0.16487    0.00000 
    1302    0.17899    0.20957    0.00000 
    1303    0.17909    0.19225    0.00000 
    1304    0.17919    0.17493    0.00000 
    1305    0.17394    0.21820    0.00000 
    1307    0.17404    0.20088    0.00000 
    1310    0.17800    0.15510    0.00000 
    1312    0.16941    0.23955    0.00000 
    1313    0.17414    0.18356    0.00000 
    1315    0.16888    0.22683    0.00000 
    1316    0.17425    0.16624    0.00000 
    1318    0.16899    0.20951    0.00000 
    1321    0.16909    0.19219    0.00000 
    1322    0.16919    0.17487    0.00000 
    1323    0.16941    0.16045    0.00000 
    1324    0.16394    0.21814    0.00000 
    1325    0.16207    0.23258    0.00000 
    1327    0.16414    0.18350    0.00000 
    1329    0.16153    0.20059    0.00000 
    1331    0.15899    0.20945    0.00000 
    1333    0.16207    0.16742    0.00000 
    1335    0.15909    0.19213    0.00000 
    1336    0.15629    0.22428    0.00000 
    1340    0.15629    0.17573    0.00000 
    1341    0.15230    0.21497    0.00000 
    1343    0.15230    0.18503    0.00000 
    1344    0.15026    0.20506    0.00000 
    1346    0.15026    0.19494    0.00000