       1    868   866     875

       2    866   865     874

       3   1161  1170    1166

       4   1166  1170    1176

       5   1176  1170    1178

       6   1166  1176    1172

       7   1161  1166    1157

       8   1157  1166    1164

       9   1161  1157    1153

      10    918   912     915

      11    915   912     906

      12    906   912     903

      13    915   906     909

      14    918   915     924

      15    924   915     917

      16    918   924     931

      17   1176  1178    1185

      18   1185  1178    1190

      19   1176  1185    1182

      20    931   924     933

      21    933   924     929

      22    931   933     939

      23   1012  1021    1016

      24   1016  1021    1027

      25   1027  1021    1030

      26   1016  1027    1024

      27   1012  1016    1009

      28   1009  1016    1014

      29   1012  1009    1004

      30   1027  1030    1035

      31   1035  1030    1040

      32   1027  1035    1032

      33   1004  1009     999

      34    999  1009    1006

      35   1004   999     992

      36   1069  1060    1065

      37   1065  1060    1054

      38   1054  1060    1052

      39   1065  1054    1058

      40   1069  1065    1071

      41   1071  1065    1067

      42   1069  1071    1080

      43   1054  1052    1046

      44   1046  1052    1042

      45   1054  1046    1049

      46    937   946     943

      47    943   946     951

      48    951   946     955

      49    943   951     948

      50    937   943     933

      51    951   955     961

      52    961   955     966

      53    951   961     957

      54   1086  1095    1092

      55   1092  1095    1100

      56   1100  1095    1104

      57   1092  1100    1097

      58   1086  1092    1083

      59   1083  1092    1088

      60   1086  1083    1077

      61   1100  1104    1110

      62   1110  1104    1115

      63   1100  1110    1107

      64   1077  1083    1071

      65   1144  1136    1138

      66   1138  1136    1129

      67   1129  1136    1126

      68   1138  1129    1133

      69   1144  1138    1148

      70   1148  1138    1142

      71   1144  1148    1155

      72   1129  1126    1120

      73   1120  1126    1117

      74   1129  1120    1124

      75   1155  1148    1157

      76    996   986     989

      77    989   986     981

      78    981   986     977

      79    989   981     984

      80    996   989     999

      81    981   977     972

      82    972   977     968

      83    981   972     975

      84    900   909     906

      85   1182  1172    1176

      86    885   875     878

      87    878   875     866

      88    885   878     889

      89    889   878     883

      90    885   889     894

      91    894   889     898

      92    898   889     893

      93    894   898     903

      94   1049  1058    1054

      95   1032  1024    1027

      96    975   984     981

      97   1124  1133    1129

      98   1107  1097    1100

      99    957   948     951

     100    883   893     889

     101    917   929     924

     102   1067  1077    1071

     103   1164  1155    1157

     104   1014  1006    1009

     105   1142  1153    1148

     106   1088  1080    1083

     107   1080  1071    1083

     108    874   883     878

     109   1153  1157    1148

     110    906   903     898

     111    909   917     915

     112   1172  1164    1166

     113   1058  1067    1065

     114   1024  1014    1016

     115    984   992     989

     116   1133  1142    1138

     117   1097  1088    1092

     118    948   939     943

     119    893   900     898

     120   1194  1182    1185

     121   1040  1049    1046

     122   1042  1032    1035

     123    966   975     972

     124   1115  1124    1120

     125   1117  1107    1110

     126    968   957     961

     127    929   937     933

     128   1006   996     999

     129   1185  1190    1198

     130   1198  1190    1204

     131   1185  1198    1194

     132   1204  1190    1195

     133   1198  1204    1210

     134   1210  1204    1218

     135   1198  1210    1205

     136   1218  1204    1208

     137   1210  1218    1224

     138   1198  1205    1194

     139   1218  1208    1223

     140   1224  1218    1232

     141   1223  1208    1213

     142   1218  1223    1232

     143   1224  1232    1243

     144   1213  1208    1200

     145   1232  1223    1240

     146   1243  1232    1251

     147   1224  1243    1235

     148   1232  1240    1251

     149   1243  1251    1259

     150   1235  1243    1253

     151   1251  1240    1257

     152   1243  1259    1253

     153   1257  1240    1249

     154   1253  1259    1270

     155   1249  1240    1229

     156   1257  1249    1266

     157   1270  1259    1277

     158   1253  1270    1261

     159   1229  1240    1223

     160   1277  1259    1268

     161   1253  1261    1246

     162   1268  1259    1251

     163   1277  1268    1284

     164   1246  1261    1255

     165   1284  1268    1275

     166   1277  1284    1294

     167   1255  1261    1272

     168   1275  1268    1257

     169   1294  1284    1302

     170   1272  1261    1278

     171   1257  1268    1251

     172   1302  1284    1292

     173   1278  1261    1270

     174   1272  1278    1289

     175   1292  1284    1275

     176   1278  1270    1286

     177   1289  1278    1296

     178   1286  1270    1277

     179   1278  1286    1296

     180   1286  1277    1294

     181   1296  1286    1303

     182   1286  1294    1303

     183   1296  1303    1313

     184   1303  1294    1307

     185   1313  1303    1321

     186   1296  1313    1304

     187   1307  1294    1302

     188   1321  1303    1307

     189   1304  1313    1322

     190   1296  1304    1289

     191   1321  1307    1329

     192   1322  1313    1327

     193   1289  1304    1300

     194   1329  1307    1318

     195   1327  1313    1321

     196   1322  1327    1340

     197   1300  1304    1316

     198   1318  1307    1302

     199   1316  1304    1322

     200   1300  1316    1310

     201   1318  1302    1305

     202   1316  1322    1333

     203   1305  1302    1292

     204   1318  1305    1324

     205   1305  1292    1299

     206   1324  1305    1315

     207   1318  1324    1331

     208   1299  1292    1281

     209   1315  1305    1299

     210   1324  1315    1336

     211   1324  1336    1341

     212   1331  1324    1341

     213   1331  1341    1344

     214   1331  1344    1329

     215   1281  1292    1275

     216   1331  1329    1318

     217   1281  1275    1266

     218   1266  1275    1257

     219   1281  1266    1273

     220   1273  1266    1256

     221   1281  1273    1291

     222   1256  1266    1249

     223   1291  1273    1280

     224   1281  1291    1299

     225   1256  1249    1237

     226   1299  1291    1312

     227   1237  1249    1229

     228   1256  1237    1247

     229   1237  1229    1217

     230   1272  1289    1282

     231   1282  1289    1300

     232   1272  1282    1267

     233   1282  1300    1297

     234   1267  1282    1276

     235   1276  1282    1297

     236   1267  1276    1258

     237   1258  1276    1262

     238   1258  1262    1245

     239   1258  1245    1244

     240   1244  1245    1226

     241   1258  1244    1267

     242   1315  1299    1312

     243   1272  1267    1255

     244   1255  1267    1244

     245   1235  1253    1246

     246   1235  1246    1225

     247   1225  1246    1238

     248   1235  1225    1221

     249   1238  1246    1255

     250   1225  1238    1222

     251   1221  1225    1212

     252   1235  1221    1224

     253   1222  1238    1227

     254   1225  1222    1212

     255   1224  1221    1210

     256   1222  1227    1216

     257   1212  1222    1206

     258   1210  1221    1205

     259   1205  1221    1212

     260   1205  1212    1199

     261   1229  1223    1213

     262   1229  1213    1217

     263   1238  1255    1244

     264   1273  1256    1265

     265   1227  1238    1244

     266   1227  1244    1226

     267   1227  1226    1216

     268   1208  1204    1195

     269   1321  1329    1335

     270   1335  1329    1346

     271   1321  1335    1327

     272   1327  1335    1343

     273   1343  1335    1346

     274   1346  1329    1344

     275   1046  1042    1035

     276    972   968     961

     277   1035  1040    1046

     278   1110  1115    1120

     279    939   933     943

     280    961   966     972

     281    992   999     989

     282   1120  1117    1110

     283    906   898     900

     284   1280  1298    1291

     285   1343  1340    1327

     286   1217  1228    1237

     287   1310  1297    1300

     288   1199  1194    1205

     289   1200  1207    1213

     290   1312  1325    1315

     291   1315  1325    1336

     292   1333  1323    1316

     293   1316  1323    1310

     294   1216  1206    1222

     295   1247  1265    1256

     296   1279  1262    1276

     297   1279  1276    1297

     298   1195  1200    1208

     299   1298  1312    1291

     300   1340  1333    1322

     301   1228  1247    1237

     302   1207  1217    1213

     303   1206  1199    1212

     304   1265  1280    1273

     305    874   878     866